133  134  109
154  44  123
127  103  126
15  84  14
171  241  170
232  149  84
125  66  83
66  125  239
136  137  91
224  104  223
19  20  86
84  129  67
202  184  200
93  20  21
117  138  96
25  74  53
24  55  56
19  106  18
106  86  87
66  227  223
94  77  69
22  73  21
108  85  228
8  9  92
135  90  112
88  133  132
111  6  7
70  89  90
241  105  228
4  5  90
83  10  11
68  75  115
111  112  90
4  89  3
9  10  128
52  55  51
67  171  238
3  89  91
41  42  63
56  23  24
3  91  2
148  157  124
1  137  163
113  91  70
22  74  73
73  75  93
53  51  54
27  110  26
36  37  99
25  76  74
28  88  27
16  17  229
51  53  50
27  88  110
39  40  65
30  31  116
74  50  53
55  52  56
220  222  218
96  116  117
174  172  160
60  95  75
82  65  62
98  118  99
60  77  95
33  97  32
75  68  86
98  122  152
64  63  42
150  170  85
45  157  123
65  82  102
253  221  226
202  81  184
43  64  42
171  235  238
43  230  64
135  59  70
38  39  102
180  167  177
76  25  26
162  163  137
65  63  64
23  56  52
60  74  76
64  62  65
65  40  63
40  41  63
75  73  60
79  152  151
36  118  35
22  50  74
60  73  74
54  51  55
110  77  76
83  104  128
60  76  77
143  78  141
69  88  132
119  35  118
138  139  141
82  120  145
44  45  123
47  124  46
148  208  209
204  203  245
37  145  99
125  126  103
104  83  66
130  15  16
149  232  127
106  107  18
108  150  85
86  20  93
68  233  86
169  108  158
18  107  17
133  28  29
110  69  77
90  89  4
91  89  70
5  111  90
112  111  7
113  70  59
2  91  137
92  9  128
112  92  71
73  93  21
86  93  75
69  178  186
114  94  58
77  94  95
95  94  114
31  32  117
78  188  181
144  33  34
78  96  138
80  215  121
119  79  97
145  120  99
121  99  80
202  194  205
44  154  43
155  124  231
101  124  155
65  102  39
145  102  82
83  126  125
12  13  127
104  66  223
71  92  128
84  130  129
229  107  228
86  106  19
107  106  87
108  107  87
228  85  241
108  233  158
169  131  150
134  29  30
187  78  181
110  76  26
69  110  88
6  111  5
112  7  8
92  112  8
135  112  71
251  59  221
136  113  251
165  114  58
114  68  115
75  95  115
114  115  95
117  116  31
134  116  96
32  97  117
139  97  79
99  118  36
119  118  98
144  97  33
119  144  35
203  242  243
80  99  120
122  121  215
98  99  121
61  140  151
98  121  122
157  45  46
255  154  100
231  47  48
124  101  148
126  83  11
232  240  103
11  12  126
127  126  12
14  149  13
84  149  14
83  128  10
128  104  71
130  84  15
129  105  241
130  16  229
129  130  105
179  199  178
177  166  58
133  88  28
179  132  109
134  133  29
132  133  109
116  134  30
187  134  96
135  71  224
90  135  70
137  136  72
91  113  136
72  162  137
2  137  1
117  139  138
139  79  140
97  139  117
79  151  140
138  141  78
139  140  141
61  153  140
161  143  153
142  143  161
211  260  195
141  140  153
131  166  168
35  144  34
97  144  119
37  38  145
145  38  102
245  255  204
62  64  230
163  164  234
164  163  156
148  101  208
123  148  100
232  84  67
13  149  127
233  108  87
170  150  193
152  79  119
61  151  122
98  152  119
122  151  152
161  153  213
141  153  143
100  154  123
154  146  230
231  124  47
210  155  147
237  220  236
142  161  172
124  157  46
123  157  148
165  68  114
165  166  158
192  131  168
176  198  185
160  200  184
207  195  173
213  61  201
172  161  160
147  247  210
163  162  156
156  257  247
1  163  49
231  164  147
164  231  234
166  165  58
165  158  233
177  168  166
166  131  169
177  186  180
142  182  189
182  167  189
182  168  167
108  169  150
166  169  158
193  150  131
171  170  159
235  171  159
67  129  241
184  195  207
142  172  176
211  195  208
175  185  212
184  174  160
174  173  185
216  212  185
192  182  183
198  172  174
183  193  192
58  94  186
167  168  177
179  69  132
181  199  179
181  179  109
69  179  178
186  177  58
199  190  180
109  134  187
78  143  188
142  176  182
191  176  175
176  191  182
175  212  222
201  194  200
184  81  195
260  246  259
176  185  175
69  186  94
180  186  178
78  187  96
109  187  181
190  143  189
178  199  180
190  189  167
143  142  189
180  190  167
143  190  188
175  222  249
183  182  191
182  192  168
183  237  193
170  193  159
131  192  193
122  215  214
80  120  242
81  208  195
101  155  210
257  162  197
217  218  219
162  72  197
251  72  136
172  198  176
174  185  198
181  188  199
190  199  188
201  200  160
200  194  202
213  160  161
201  61  214
203  205  206
81  202  204
82  243  120
204  100  209
205  204  202
203  243  245
206  205  194
204  205  203
206  194  214
206  80  242
173  174  207
184  207  174
208  81  209
211  101  210
204  209  81
148  209  100
247  147  164
257  246  247
101  211  208
211  210  260
216  185  173
218  212  196
61  213  153
160  213  201
201  214  194
122  214  61
80  206  215
214  215  206
216  260  259
212  216  259
218  196  248
252  236  217
196  258  248
218  217  220
72  251  250
223  253  226
57  235  236
191  249  183
224  223  226
221  219  250
218  222  212
249  222  220
254  227  239
221  59  226
135  224  59
71  104  224
252  225  254
252  217  253
224  226  59
223  227  253
239  227  66
253  227  225
228  105  130
108  228  107
107  229  17
130  229  228
154  230  43
230  146  256
231  48  234
155  231  147
240  67  238
127  232  103
86  233  87
165  233  68
48  49  234
163  234  49
236  235  159
238  235  57
237  236  159
217  236  220
193  237  159
237  183  249
254  239  238
240  232  67
103  239  125
238  57  254
238  239  240
103  240  239
170  241  85
241  171  67
243  242  120
206  242  203
82  244  243
256  244  62
82  62  244
62  230  256
256  243  244
255  146  154
258  246  257
246  258  259
156  247  164
210  247  246
250  248  197
218  248  219
175  249  191
237  249  220
248  250  219
72  250  197
59  251  113
250  251  221
236  252  57
253  217  219
253  219  221
225  252  253
252  254  57
227  254  225
204  255  100
245  243  256
146  255  256
245  256  255
162  257  156
258  257  197
248  258  197
259  258  196
212  259  196
216  173  260
260  173  195
246  260  210