0. 0.
0. 0.13333333333333333
0. 0.26666666666666666
0. 0.4
0. 0.5333333333333333
0. 0.6666666666666666
0. 0.8
0. 0.9333333333333333
0. 1.0666666666666667
0. 1.2
0. 1.3333333333333333
0. 1.4666666666666666
0. 1.6
0. 1.7333333333333334
0. 1.8666666666666667
0. 2.
4. 0.
4. 0.13333333333333333
4. 0.26666666666666666
4. 0.4
4. 0.5333333333333333
4. 0.6666666666666666
4. 0.8
4. 0.9333333333333333
4. 1.0666666666666667
4. 1.2
4. 1.3333333333333333
4. 1.4666666666666666
4. 1.6
4. 1.7333333333333334
4. 1.8666666666666667
4. 2.
0.14285714285714285 0.
0.2857142857142857 0.
0.42857142857142855 0.
0.5714285714285714 0.
0.7142857142857142 0.
0.8571428571428571 0.
1. 0.
1.1428571428571428 0.
1.2857142857142856 0.
1.4285714285714284 0.
1.5714285714285714 0.
1.7142857142857142 0.
1.857142857142857 0.
2. 0.
2.142857142857143 0.
2.2857142857142856 0.
2.4285714285714284 0.
2.571428571428571 0.
2.714285714285714 0.
2.8571428571428568 0.
3. 0.
3.142857142857143 0.
3.2857142857142856 0.
3.4285714285714284 0.
3.571428571428571 0.
3.714285714285714 0.
3.8571428571428568 0.
0.14285714285714285 2.
0.2857142857142857 2.
0.42857142857142855 2.
0.5714285714285714 2.
0.7142857142857142 2.
0.8571428571428571 2.
1. 2.
1.1428571428571428 2.
1.2857142857142856 2.
1.4285714285714284 2.
1.5714285714285714 2.
1.7142857142857142 2.
1.857142857142857 2.
2. 2.
2.142857142857143 2.
2.2857142857142856 2.
2.4285714285714284 2.
2.571428571428571 2.
2.714285714285714 2.
2.8571428571428568 2.
3. 2.
3.142857142857143 2.
3.2857142857142856 2.
3.4285714285714284 2.
3.571428571428571 2.
3.714285714285714 2.
3.8571428571428568 2.
