0.6646646646646647 2.
0.5326911043528211 2.
0.40071754404097754 2.
0.2639471206236909 2.
0.13197356031184643 2.
0. 2.
0. 1.854104518644582
0. 1.7082090372891623
0. 1.5683852117086432
0. 1.4316147882913566
0. 1.2917909627108375
0. 1.1458954813554185
0. 1.
0.10509540153158746 0.8949045984684126
0.21019080306317492 0.7898091969368253
0.3129246129439958 0.6870753870560042
0.4109352395232811 0.5890647604767187
0.49949949949947264 0.500500500500475
0.5880637594757165 0.4119362405242835
0.6860743860550009 0.3139256139449989
0.7888081959358226 0.21119180406417715
0.8939035974674112 0.10609640253258858
0.9989989989989991 0.0010010010010009784
1.001001001001001 0.0010010010010010895
1.1060964025325881 0.10609640253258874
1.2111918040641763 0.21119180406417615
1.3139256139449969 0.31392561394499685
1.4119362405242841 0.41193624052428424
1.5005005005003442 0.5005005005003316
1.5890647604767256 0.5890647604767257
1.687075387056013 0.6870753870560131
1.7898091969368315 0.7898091969368315
1.8949045984684156 0.8949045984684156
2. 1.
2. 1.1458954813554185
2. 1.2917909627108375
2. 1.4316147882913566
2. 1.5683852117086432
2. 1.7082090372891623
2. 1.854104518644582
2. 2.
1.8491061244399625 2.
1.6982122488799254 2.
1.5483916348901696 2.
1.4007175440409763 2.
1.2639471206236892 2.
1.1162730297744958 2.
0.9664524157847396 2.
0.8155585402247024 2.