1.991191191191191 2.
2.142222706768233 2.
2.293254222345275 2.
2.44335011636904 2.
2.5915747672862515 2.
2.736056931990358 2.
2.873054124268249 2.
2.995081371693714 2.
3.11710861911918 2.
3.254105811397071 2.
3.398587976101176 2.
3.5468126270183893 2.
3.6969085210421535 2.
3.847940036619197 2.
0. 2.
0.15192232574205425 2.
0.30281620368146717 2.
0.4526368224299747 2.
0.600310922796671 2.
0.743691986399745 2.
0.8784869764755747 2.
0.9961098194969153 2.
1.113732662518257 2.
1.2485276525940867 2.
1.3919087161971613 2.
1.5395828165638579 2.
1.6894034353123653 2.
1.8402973132517781 2.
4. 2.
0.07647538677234773 2.
3.9234557944077184 2.
0.038751917287494476 2.
3.9612136733019794 2.
0.019890182545067844 2.
3.9800926127491096 2.
1.9157442522214847 2.
2.071111353384117 2.
2.03125 2.