1.0 0.5
13.0 0.5
13.0 2.0
1.0 2.0
1.041910431902397 0.4980404325508231
1.083788812575474 0.4955340831968815
1.125414416938044 0.4903309264240685
1.166711569735062 0.4829421395412859
1.207622968644856 0.4736497471506473
1.248071047707619 0.4625120266248265
1.288016179604878 0.4496846054338555
1.327434923585247 0.4353207535563525
1.366284726420224 0.4194809954680937
1.40459795501713 0.4023827963546024
1.442350347818814 0.384079866791782
1.479560473670094 0.3646970724473459
1.516287446513844 0.3444133561296184
1.552498301517546 0.3232218306489165
1.588260229304371 0.3012805105108964
1.623625494746156 0.2787055614806875
1.658564264826398 0.2554756583936843
1.693167064861771 0.2317477979476801
1.727471137168189 0.2075902951906353
1.761453349797016 0.1829818106191952
1.795212254733051 0.1580676407185306
1.828775071007092 0.132890106254815
1.862121041200323 0.1074258865052592
1.89535016964982 0.08180927832238065
1.928488114661103 0.05607491166892032
1.961510905599161 0.03019285434513613
1.994517919935879 0.004290666730211929
2.027539201234499 -0.02159332167289914
2.060545562991227 -0.04749634082683521
2.093635308882603 -0.07329268454776339
2.126844145812904 -0.09893559758050517
2.160140146137175 -0.1244651665764562
2.193620877469224 -0.1497518119092639
2.227324220925008 -0.1747411133300868
2.261221143210124 -0.1994670376723736
2.295409376725723 -0.2237882659011709
2.329920685929852 -0.2476490722502376
2.364736984530589 -0.271062288041815
2.399955955798361 -0.2938647545232762
2.435589134805033 -0.3160147338597415
2.471640853446741 -0.3374761390066237
2.50819881708927 -0.3580625983680508
2.54524522567593 -0.377756828833329
2.582809737892229 -0.3964427671377588
2.620943874142477 -0.4139364790110868
2.659611098124545 -0.4302174031355083
2.698840551623317 -0.4450907389541158
2.738617190890116 -0.4584320647351416
2.778899924656884 -0.4701546371319503
2.819666569061913 -0.480062325231346
2.860842616131397 -0.4880996333628384
2.902359557732949 -0.4941295388652404
2.944126858453751 -0.4980678279062866
2.986040082153228 -0.4998787648396699
3.027990706846125 -0.4995134274372371
3.069866782838165 -0.4969839655654185
3.111562147485526 -0.4923454948839155
3.152973348645693 -0.485626495336972
3.19402037017386 -0.4769533864269968
3.234631489422651 -0.466426530415167
3.274745698410151 -0.454138841635728
3.314347334576856 -0.4402867378406201
3.353384890053353 -0.4249161372454748
3.391872765030871 -0.4082151560354881
3.429818771310977 -0.3903173722361428
3.46720178415029 -0.3712705137267165
3.504090632194969 -0.3512824838500956
3.540471658500368 -0.3303847584687786
3.576373171483764 -0.3086727953094123
3.611876801248319 -0.2863158194855426
3.646949839105481 -0.263289313769199
3.681653749987847 -0.2397097011059821
3.716066312357051 -0.215706831833896
3.750145628117408 -0.1912331005739188
3.783967852488524 -0.1664050198345835
3.817606234548506 -0.1413284384432573
3.851013757844234 -0.1159450844250751
3.884270662808584 -0.09036457181909183
3.917449658294226 -0.0646831027975114
3.950500207062504 -0.03883652497454335
3.983501264133503 -0.01292674296592065
4.016528286126959 0.01294992706508575
4.04952934242851 0.03885971026905834
4.082579980541871 0.06470617307796783
4.115759071467519 0.09038751982175419
4.149016065721016 0.1159679156827337
4.182423770085546 0.1413510323919249
4.216062339823927 0.1664273609280639
4.249884749231767 0.1912551897619289
4.283964340694866 0.2157285362565323
4.318377181033858 0.2397310079137736
4.353081378649511 0.2633101998054808
4.388154790816958 0.2863361325589762
4.423658780001171 0.3086925388605957
4.459560681032308 0.330403859333613
4.495942179573459 0.3513007661796911
4.532831447223688 0.3712880134519699
4.570214937898784 0.3903339403381521
4.608161455525075 0.4082306360116132
4.646649803245361 0.424930525125934
4.685687871948877 0.4402998330400737
4.725289984873011 0.4541505648779651
4.765404647011377 0.4664367737954979
4.806016192598082 0.4769619760350735
4.847063569310883 0.4856334079843926
4.888475066368613 0.4923505867147634
4.930170638201849 0.496987181680913
4.972046830343385 0.4995147293842644
5.013997471896101 0.4998781122423113
5.0559106119699 0.4980652443543093
5.097677736047043 0.4941250805288744
5.139194408381549 0.4880933123345945
5.180370117430261 0.4800542790311383
5.221136359125281 0.4701449312651536
5.261418643988993 0.458420814097709
5.301194827352877 0.4450781261077091
5.340423761323761 0.4302034234423561
5.379090501560844 0.4139213414990272
5.417224145079612 0.3964265544733738
5.454788158735768 0.3777396181748343
5.491834137541075 0.3580445769072553
5.528391634263389 0.3374572904090261
5.564442938018211 0.3159951859490149
5.600075782270522 0.293844669279334
5.635294348451837 0.2710415751683051
5.670110331324186 0.2476278898891193
5.704621389418306 0.2237667215880786
5.738809315560358 0.1994450616981895
5.772706023167223 0.1747188422484077
5.806409207371571 0.1497293262369447
5.839889727310718 0.1244424008932533
5.873185608212759 0.09891267546712605
5.906394380404284 0.07326967884586733
5.939484006114099 0.04747318096374305
5.972490338780049 0.02157012434882109
6.005511650875377 -0.004313824925117104
6.038518634092185 -0.03021605201354292
6.071541484555143 -0.05609803363139125
6.104679554605053 -0.081832239092066
6.137908742486891 -0.1074487698051535
6.171254862376144 -0.1329127928820086
6.204817896229865 -0.1580900386124469
6.238576955966085 -0.1830039980983393
6.272559414504594 -0.2076121441902987
6.306863790497757 -0.2317692148082457
6.341466847323511 -0.2554967006145883
6.376405963121728 -0.2787260842147276
6.411771611402342 -0.3013004334323289
6.44753389953865 -0.3232411644519251
6.48374519923659 -0.3444319332379014
6.520472616090021 -0.3647148433048109
6.557683196669672 -0.3840967683075104
6.595436106321626 -0.4023986296787373
6.633749804302779 -0.419495768841698
6.672600102629699 -0.4353343018523949
6.712019360149553 -0.4496967835180525
6.751964937916622 -0.4625227849653721
6.79241346196844 -0.4736588951365526
6.833325235272039 -0.4829496277759509
6.874622705586121 -0.4903366414114776
6.91623455942349 -0.4956720371131249
6.958061928950189 -0.4989095720859194
7.000000018351644 -0.4999999999999998
7.041938107429511 -0.4989095701989575
7.083765476575814 -0.4956720334122695
7.125377329959716 -0.4903366359400287
7.166674799741167 -0.4829496206530243
7.207586572495603 -0.4736588864831562
7.248035095921915 -0.4625227748496217
7.287980681225559 -0.449696769341191
7.327399929913549 -0.4353342892651561
7.366250227579832 -0.4194957552018219
7.404563924949689 -0.4023986151429362
7.442316833927139 -0.384096752891687
7.479527413870735 -0.3647148272147928
7.516254830119944 -0.3444319165329794
7.552466124570646 -0.3232411499767929
7.588228416825929 -0.3013004157700131
7.623594064563996 -0.278726066153231
7.658533179847165 -0.2554966822383765
7.693136236240433 -0.2317691962493102
7.727440611787381 -0.207612125387855
7.761423069929339 -0.1830039791399218
7.795182129353758 -0.1580900196075285
7.828745162835469 -0.132912773774182
7.862091282413976 -0.107448750673487
7.89532047007105 -0.08183222003079915
7.928458539840975 -0.05609801457400243
7.961481390071703 -0.030216033037531
7.994488373129217 -0.004313806126014391
8.027509685018394 0.02157014303736605
8.060516017535152 0.04747319948696146
8.093605643138671 0.07326969708900728
8.126814415188367 0.09891269349510323
8.160110296008785 0.1244424186644848
8.193590815933492 0.1497293436555363
8.227294000075204 0.1747188593637394
8.261190707637276 0.1994450784354475
8.29537863383252 0.223766737869965
8.329889691934648 0.247627905773279
8.36470567485407 0.2710415905750886
8.399924241150075 0.2938446841012441
8.435557085442916 0.3159952002484999
8.471608389353847 0.3374573041115284
8.508165886178135 0.3580445898785684
8.545211865093057 0.3777396304596669
8.582775878909995 0.3964265659525905
8.62090952256492 0.4139213521233246
8.659576262928324 0.4302034331686299
8.698805174984596 0.4450781269410832
8.738581380535171 0.4584208217977465
8.778863665518557 0.4701449378578846
8.819629907283186 0.4800542844518931
8.86080561633842 0.4880933165554757
8.902322288637778 0.4941250834804082
8.944089412519384 0.498065246043383
8.986002552442084 0.4998781126658156
9.02795319372608 0.4995147285499913
9.069829385518618 0.4969871796428187
9.11152495699879 0.4923505835180313
9.152936453637617 0.485633403687939
9.193983829924544 0.4769619707443515
9.23459537502472 0.4664367675495215
9.27471003663375 0.4541505578126342
9.314312149063916 0.4402998252247141
9.353350217195866 0.4249305166489889
9.391838564465578 0.408230626968977
9.42978508159095 0.390333930759265
9.46716857177292 0.3712880034485834
9.50405783900483 0.351300755828394
9.540439337116167 0.3304038486147322
9.576341237735399 0.3086925279009579
9.611845226493589 0.2863361214288631
9.646918638266035 0.2633101884884185
9.6816228355494 0.239730996490535
9.716035675572288 0.2157285247384558
9.750115266692497 0.1912551781825572
9.783937675811567 0.166427349358496
9.817576245290853 0.1413510208133691
9.850983949375232 0.1159679041259514
9.884240943415723 0.09038750833534571
9.917420034106478 0.06470616167604785
9.950470671985466 0.03885969895950026
9.983471728103122 0.01294991590064217
10.01649874988126 -0.01292675396138984
10.04949980676577 -0.03883653582458254
10.08255035540679 -0.0646831134621679
10.11572935073576 -0.09036458227221435
10.14898625555742 -0.1159450946846914
10.18239377876468 -0.1413284484683782
10.2160321607165 -0.1664050296058271
10.2498543849865 -0.1912331101026502
10.28393370070227 -0.2157068410809034
10.31834626303046 -0.2397097100737273
10.35305017384329 -0.26328932243262
10.38812321166736 -0.2863158277902407
10.42362684138013 -0.3086728032584435
10.45952835658228 -0.3303847673773267
10.49590938053789 -0.3512824909449042
10.53279822852212 -0.3712705204002202
10.57018124134164 -0.3903173784551271
10.60812724761034 -0.4082151617540486
10.64661512256459 -0.4249161424785701
10.68565267803725 -0.4402867425327399
10.72525431421436 -0.4541388457835759
10.76536852312842 -0.4664265339732107
10.80597964230546 -0.4769533893589928
10.84702666372397 -0.4856264976533828
10.88843786476485 -0.4923454965603724
10.93013322921349 -0.4969839666014605
10.97200930504873 -0.4995134278500756
11.01395992974054 -0.4998787646332622
11.05587315307797 -0.4980678271114483
11.09764045350212 -0.4941295375223799
11.13915739479471 -0.4880996314977175
11.18033344160203 -0.4800623228927202
11.22110008566483 -0.4701546343711304
11.26138281905828 -0.4584320616119644
11.30115945800973 -0.4450907355200721
11.34038891114167 -0.4302173994196507
11.37905613479261 -0.4139364750766232
11.4171902707261 -0.3964427630141275
11.45475478261205 -0.377756824560753
11.49180119087942 -0.3580625940104211
11.52835915984266 -0.3374761312966242
11.56441087254806 -0.3160147293782301
11.60004405129905 -0.29386475003182
11.63526302225812 -0.2710622835541679
11.67007932061404 -0.2476490677813256
11.70459062958667 -0.2237882614809212
11.73877886284926 -0.1994670333005818
11.77267578492737 -0.1747411090205572
11.8063791281824 -0.1497518076852355
11.8398598592912 -0.1244651624396812
11.87315585942054 -0.09893559354874798
11.90636469617337 -0.07329268063000856
11.93945444185016 -0.04749633703485867
11.97246080341331 -0.02159331802304554
12.00548208451717 0.004290670217582075
12.03848909866712 0.03019285769547183
12.07151188942856 0.05607491486365111
12.10464983428129 0.08180928135900802
12.13787896255753 0.1074258893924907
12.17122493257262 0.1328901089679097
12.20478774868567 0.1580676432581653
12.23854665345063 0.1829818129968842
12.27252886591256 0.207590297393859
12.30683293809353 0.2317477999989868
12.34143573798906 0.2554756602978985
12.37637450796489 0.2787055632493713
12.41173977322614 0.3012805120942775
12.4475017008944 0.3232218320971023
12.48371255324029 0.3444133559897038
12.52043952853254 0.3646970736303018
12.55764965419156 0.384079867804749
12.59540204681028 0.4023827972041011
12.63371527525135 0.4194809961832747
12.67256507791756 0.4353207541376732
12.71198382179455 0.449684605913411
12.75192895347583 0.462512026978656
12.79237703235305 0.473649747401251
12.83328843108853 0.4829421397088683
12.87458558369084 0.4903309265208994
12.91621118786839 0.4955340832358204
12.95808956834341 0.4980404325613028
13.0 0.54
13.0 0.58
13.0 0.62
13.0 0.67
13.0 0.71
13.0 0.75
13.0 0.79
13.0 0.83
13.0 0.87
13.0 0.92
13.0 0.96
13.0 1.0
13.0 1.04
13.0 1.08
13.0 1.12
13.0 1.17
13.0 1.21
13.0 1.25
13.0 1.29
13.0 1.33
13.0 1.37
13.0 1.42
13.0 1.46
13.0 1.5
13.0 1.54
13.0 1.58
13.0 1.62
13.0 1.67
13.0 1.71
13.0 1.75
13.0 1.79
13.0 1.83
13.0 1.87
13.0 1.92
13.0 1.96
12.95804195801162 2.0
12.91608391571269 2.0
12.87412587360118 2.0
12.8321678315617 2.0
12.79020978955513 2.0
12.7482517471822 2.0
12.70629370499449 2.0
12.66433566301498 2.0
12.62237762100727 2.0
12.58041957899948 2.0
12.53846153692437 2.0
12.49650349488178 2.0
12.45454545267853 2.0
12.41258741063943 2.0
12.37062936858949 2.0
12.32867132643878 2.0
12.28671328418094 2.0
12.24475524209044 2.0
12.20279720006445 2.0
12.16083915796174 2.0
12.11888111583446 2.0
12.07692307382622 2.0
12.03496503181047 2.0
11.99300698980389 2.0
11.95104894779732 2.0
11.90909090579075 2.0
11.86713286378417 2.0
11.82517482177759 2.0
11.78321677977102 2.0
11.74125873757255 2.0
11.69930069529227 2.0
11.65734265308675 2.0
11.6153846109249 2.0
11.57342656891347 2.0
11.53146852706217 2.0
11.48951048521087 2.0
11.44755244312423 2.0
11.40559440080953 2.0
11.36363635864768 2.0
11.32167831676484 2.0
11.27972027471429 2.0
11.23776223253076 2.0
11.19580419051887 2.0
11.1538461485123 2.0
11.11188810650572 2.0
11.06993006438853 2.0
11.0279720223746 2.0
10.9860139805233 2.0
10.94405593837358 2.0
10.90209789612681 2.0
10.86013985410951 2.0
10.81818181214232 2.0
10.77622377044387 2.0
10.73426572869189 2.0
10.69230768658217 2.0
10.65034964431971 2.0
10.60839160229493 2.0
10.56643356037517 2.0
10.52447551822439 2.0
10.48251747617399 2.0
10.44055943421079 2.0
10.39860139220421 2.0
10.35664335018967 2.0
10.31468530808712 2.0
10.27272726619434 2.0
10.23076922406949 2.0
10.18881118206291 2.0
10.14685313988559 2.0
10.10489509791211 2.0
10.06293705564184 2.0
10.020979013516 2.0
9.979020971332659 2.0
9.937062929237417 2.0
9.895104887209158 2.0
9.853146845071116 2.0
9.811188803044217 2.0
9.76923076103764 2.0
9.727272719031067 2.0
9.685314677024493 2.0
9.643356634858167 2.0
9.60139859276258 2.0
9.559440550802861 2.0
9.51748250878787 2.0
9.475524466590004 2.0
9.433566424591312 2.0
9.391608382559262 2.0
9.349650340332056 2.0
9.307692298361497 2.0
9.265734256333918 2.0
9.223776214172064 2.0
9.181818172026968 2.0
9.139860129863601 2.0
9.09790208755641 2.0
9.055944045616554 2.0
9.013986003579651 2.0
8.972027961459876 2.0
8.930069919481431 2.0
8.88811187735404 2.0
8.846153835465591 2.0
8.80419579343718 2.0
8.762237751313274 2.0
8.720279709277435 2.0
8.678321667218697 2.0
8.636363625212121 2.0
8.594405583205546 2.0
8.55244754119897 2.0
8.510489499192396 2.0
8.46853145714245 2.0
8.426573415048457 2.0
8.384615373010039 2.0
8.342657330950201 2.0
8.300699288887863 2.0
8.258741246559893 2.0
8.216783204300691 2.0
8.174825162304955 2.0
8.132867120168276 2.0
8.090909078092706 2.0
8.048951036068843 2.0
8.006992994021477 2.0
7.965034952003188 2.0
7.923076910032401 2.0
7.881118868004196 2.0
7.839160825829153 2.0
7.797202783873832 2.0
7.755244741809104 2.0
7.71328669955991 2.0
7.671328657320421 2.0
7.629370615180405 2.0
7.587412573096193 2.0
7.545454531033664 2.0
7.503496488927768 2.0
7.461538446919446 2.0
7.4195804047822 2.0
7.377622362696243 2.0
7.335664320558387 2.0
7.293706278422695 2.0
7.251748236248258 2.0
7.209790194026207 2.0
7.167832151741378 2.0
7.125874109692043 2.0
7.083916067431249 2.0
7.041958025423309 2.0
6.999999983358848 2.0
6.958041941688184 2.0
6.916083899893218 2.0
6.874125858048518 2.0
6.832167816157334 2.0
6.790209774347473 2.0
6.748251732500417 2.0
6.706293690536646 2.0
6.664335648833451 2.0
6.622377607044097 2.0
6.580419565142836 2.0
6.53846152342073 2.0
6.496503481652072 2.0
6.454545439946421 2.0
6.412587398286335 2.0
6.370629356370665 2.0
6.328671314544671 2.0
6.286713272948425 2.0
6.244755231297853 2.0
6.202797189558993 2.0
6.160839147855085 2.0
6.118881106167555 2.0
6.076923064231337 2.0
6.034965022391678 2.0
5.993006980699142 2.0
5.951048938770205 2.0
5.909090896864924 2.0
5.86713285494084 2.0
5.825174813021453 2.0
5.783216771168299 2.0
5.741258729279203 2.0
5.699300687369755 2.0
5.657342645487672 2.0
5.615384603533869 2.0
5.573426561719113 2.0
5.531468519844044 2.0
5.489510478032097 2.0
5.447552436144973 2.0
5.405594394380716 2.0
5.363636352619143 2.0
5.321678310744723 2.0
5.279720268988043 2.0
5.237762227214381 2.0
5.19580418518597 2.0
5.153846142946482 2.0
5.111888100836035 2.0
5.0699300589299 2.0
5.027972017248962 2.0
4.986013975451876 2.0
4.944055933602132 2.0
4.902097892037122 2.0
4.860139850496376 2.0
4.818181808712175 2.0
4.776223767033818 2.0
4.734265725124816 2.0
4.692307683189134 2.0
4.650349641469608 2.0
4.608391599643633 2.0
4.56643355779597 2.0
4.524475515867032 2.0
4.482517473938096 2.0
4.440559432113488 2.0
4.398601390339826 2.0
4.356643348476545 2.0
4.314685306439189 2.0
4.27272726470467 2.0
4.23076922307734 2.0
4.188811181221872 2.0
4.146853139252671 2.0
4.104895097348986 2.0
4.06293705556992 2.0
4.020979013678346 2.0
3.97902097185836 2.0
3.93706293006099 2.0
3.895104888070335 2.0
3.853146846208546 2.0
3.811188804409747 2.0
3.769230762645395 2.0
3.727272720864852 2.0
3.685314678916773 2.0
3.643356637397784 2.0
3.601398595755442 2.0
3.559440553986028 2.0
3.517482512153756 2.0
3.47552447058344 2.0
3.433566428798954 2.0
3.391608386865277 2.0
3.349650344980278 2.0
3.307692303041505 2.0
3.265734261231603 2.0
3.223776219428863 2.0
3.181818177732841 2.0
3.139860135968033 2.0
3.097902094132771 2.0
3.055944052218843 2.0
3.013986010452079 2.0
2.972027968470222 2.0
2.930069926551577 2.0
2.888111884534841 2.0
2.846153842625085 2.0
2.804195800768668 2.0
2.762237758985339 2.0
2.720279717150797 2.0
2.678321675281731 2.0
2.63636363338282 2.0
2.594405591490356 2.0
2.552447549676051 2.0
2.5104895079309 2.0
2.468531466184797 2.0
2.42657342441936 2.0
2.384615382537679 2.0
2.342657340782348 2.0
2.300699298812467 2.0
2.258741256982586 2.0
2.216783215116695 2.0
2.174825173423002 2.0
2.132867131856381 2.0
2.090909089867145 2.0
2.048951047992929 2.0
2.006993005990521 2.0
1.965034964159464 2.0
1.923076922312243 2.0
1.881118880088731 2.0
1.839160838086018 2.0
1.797202796128802 2.0
1.755244754221547 2.0
1.713286712401118 2.0
1.671328670633272 2.0
1.629370628829723 2.0
1.587412586776144 2.0
1.54545454464723 2.0
1.50349650275209 2.0
1.461538460990926 2.0
1.419580419253928 2.0
1.377622377321976 2.0
1.335664335493871 2.0
1.293706293534437 2.0
1.25174825158926 2.0
1.209790209785991 2.0
1.167832167982153 2.0
1.125874125932515 2.0
1.083916083803474 2.0
1.041958041768872 2.0
1.0 1.96
1.0 1.92
1.0 1.87
1.0 1.83
1.0 1.79
1.0 1.75
1.0 1.71
1.0 1.67
1.0 1.62
1.0 1.58
1.0 1.54
1.0 1.5
1.0 1.46
1.0 1.42
1.0 1.37
1.0 1.33
1.0 1.29
1.0 1.25
1.0 1.21
1.0 1.17
1.0 1.12
1.0 1.08
1.0 1.04
1.0 1.0
1.0 0.96
1.0 0.92
1.0 0.87
1.0 0.83
1.0 0.79
1.0 0.75
1.0 0.71
1.0 0.67
1.0 0.62
1.0 0.58
1.0 0.54