1.0 0.5
13.0 0.5
1.041910431902397 0.4980404325508231
1.083788812575474 0.4955340831968815
1.125414416938044 0.4903309264240685
1.166711569735062 0.4829421395412859
1.207622968644856 0.4736497471506473
1.248071047707619 0.4625120266248265
1.288016179604878 0.4496846054338555
1.327434923585247 0.4353207535563525
1.366284726420224 0.4194809954680937
1.40459795501713 0.4023827963546024
1.442350347818814 0.384079866791782
1.479560473670094 0.3646970724473459
1.516287446513844 0.3444133561296184
1.552498301517546 0.3232218306489165
1.588260229304371 0.3012805105108964
1.623625494746156 0.2787055614806875
1.658564264826398 0.2554756583936843
1.693167064861771 0.2317477979476801
1.727471137168189 0.2075902951906353
1.761453349797016 0.1829818106191952
1.795212254733051 0.1580676407185306
1.828775071007092 0.132890106254815
1.862121041200323 0.1074258865052592
1.89535016964982 0.08180927832238065
1.928488114661103 0.05607491166892032
1.961510905599161 0.03019285434513613
1.994517919935879 0.004290666730211929
2.027539201234499 -0.02159332167289914
2.060545562991227 -0.04749634082683521
2.093635308882603 -0.07329268454776339
2.126844145812904 -0.09893559758050517
2.160140146137175 -0.1244651665764562
2.193620877469224 -0.1497518119092639
2.227324220925008 -0.1747411133300868
2.261221143210124 -0.1994670376723736
2.295409376725723 -0.2237882659011709
2.329920685929852 -0.2476490722502376
2.364736984530589 -0.271062288041815
2.399955955798361 -0.2938647545232762
2.435589134805033 -0.3160147338597415
2.471640853446741 -0.3374761390066237
2.50819881708927 -0.3580625983680508
2.54524522567593 -0.377756828833329
2.582809737892229 -0.3964427671377588
2.620943874142477 -0.4139364790110868
2.659611098124545 -0.4302174031355083
2.698840551623317 -0.4450907389541158
2.738617190890116 -0.4584320647351416
2.778899924656884 -0.4701546371319503
2.819666569061913 -0.480062325231346
2.860842616131397 -0.4880996333628384
2.902359557732949 -0.4941295388652404
2.944126858453751 -0.4980678279062866
2.986040082153228 -0.4998787648396699
3.027990706846125 -0.4995134274372371
3.069866782838165 -0.4969839655654185
3.111562147485526 -0.4923454948839155
3.152973348645693 -0.485626495336972
3.19402037017386 -0.4769533864269968
3.234631489422651 -0.466426530415167
3.274745698410151 -0.454138841635728
3.314347334576856 -0.4402867378406201
3.353384890053353 -0.4249161372454748
3.391872765030871 -0.4082151560354881
3.429818771310977 -0.3903173722361428
3.46720178415029 -0.3712705137267165
3.504090632194969 -0.3512824838500956
3.540471658500368 -0.3303847584687786
3.576373171483764 -0.3086727953094123
3.611876801248319 -0.2863158194855426
3.646949839105481 -0.263289313769199
3.681653749987847 -0.2397097011059821
3.716066312357051 -0.215706831833896
3.750145628117408 -0.1912331005739188
3.783967852488524 -0.1664050198345835
3.817606234548506 -0.1413284384432573
3.851013757844234 -0.1159450844250751
3.884270662808584 -0.09036457181909183
3.917449658294226 -0.0646831027975114
3.950500207062504 -0.03883652497454335
3.983501264133503 -0.01292674296592065
4.016528286126959 0.01294992706508575
4.04952934242851 0.03885971026905834
4.082579980541871 0.06470617307796783
4.115759071467519 0.09038751982175419
4.149016065721016 0.1159679156827337
4.182423770085546 0.1413510323919249
4.216062339823927 0.1664273609280639
4.249884749231767 0.1912551897619289
4.283964340694866 0.2157285362565323
4.318377181033858 0.2397310079137736
4.353081378649511 0.2633101998054808
4.388154790816958 0.2863361325589762
4.423658780001171 0.3086925388605957
4.459560681032308 0.330403859333613
4.495942179573459 0.3513007661796911
4.532831447223688 0.3712880134519699
4.570214937898784 0.3903339403381521
4.608161455525075 0.4082306360116132
4.646649803245361 0.424930525125934
4.685687871948877 0.4402998330400737
4.725289984873011 0.4541505648779651
4.765404647011377 0.4664367737954979
4.806016192598082 0.4769619760350735
4.847063569310883 0.4856334079843926
4.888475066368613 0.4923505867147634
4.930170638201849 0.496987181680913
4.972046830343385 0.4995147293842644
5.013997471896101 0.4998781122423113
5.0559106119699 0.4980652443543093
5.097677736047043 0.4941250805288744
5.139194408381549 0.4880933123345945
5.180370117430261 0.4800542790311383
5.221136359125281 0.4701449312651536
5.261418643988993 0.458420814097709
5.301194827352877 0.4450781261077091
5.340423761323761 0.4302034234423561
5.379090501560844 0.4139213414990272
5.417224145079612 0.3964265544733738
5.454788158735768 0.3777396181748343
5.491834137541075 0.3580445769072553
5.528391634263389 0.3374572904090261
5.564442938018211 0.3159951859490149
5.600075782270522 0.293844669279334
5.635294348451837 0.2710415751683051
5.670110331324186 0.2476278898891193
5.704621389418306 0.2237667215880786
5.738809315560358 0.1994450616981895
5.772706023167223 0.1747188422484077
5.806409207371571 0.1497293262369447
5.839889727310718 0.1244424008932533
5.873185608212759 0.09891267546712605
5.906394380404284 0.07326967884586733
5.939484006114099 0.04747318096374305
5.972490338780049 0.02157012434882109
6.005511650875377 -0.004313824925117104
6.038518634092185 -0.03021605201354292
6.071541484555143 -0.05609803363139125
6.104679554605053 -0.081832239092066
6.137908742486891 -0.1074487698051535
6.171254862376144 -0.1329127928820086
6.204817896229865 -0.1580900386124469
6.238576955966085 -0.1830039980983393
6.272559414504594 -0.2076121441902987
6.306863790497757 -0.2317692148082457
6.341466847323511 -0.2554967006145883
6.376405963121728 -0.2787260842147276
6.411771611402342 -0.3013004334323289
6.44753389953865 -0.3232411644519251
6.48374519923659 -0.3444319332379014
6.520472616090021 -0.3647148433048109
6.557683196669672 -0.3840967683075104
6.595436106321626 -0.4023986296787373
6.633749804302779 -0.419495768841698
6.672600102629699 -0.4353343018523949
6.712019360149553 -0.4496967835180525
6.751964937916622 -0.4625227849653721
6.79241346196844 -0.4736588951365526
6.833325235272039 -0.4829496277759509
6.874622705586121 -0.4903366414114776
6.91623455942349 -0.4956720371131249
6.958061928950189 -0.4989095720859194
7.000000018351644 -0.4999999999999998
7.041938107429511 -0.4989095701989575
7.083765476575814 -0.4956720334122695
7.125377329959716 -0.4903366359400287
7.166674799741167 -0.4829496206530243
7.207586572495603 -0.4736588864831562
7.248035095921915 -0.4625227748496217
7.287980681225559 -0.449696769341191
7.327399929913549 -0.4353342892651561
7.366250227579832 -0.4194957552018219
7.404563924949689 -0.4023986151429362
7.442316833927139 -0.384096752891687
7.479527413870735 -0.3647148272147928
7.516254830119944 -0.3444319165329794
7.552466124570646 -0.3232411499767929
7.588228416825929 -0.3013004157700131
7.623594064563996 -0.278726066153231
7.658533179847165 -0.2554966822383765
7.693136236240433 -0.2317691962493102
7.727440611787381 -0.207612125387855
7.761423069929339 -0.1830039791399218
7.795182129353758 -0.1580900196075285
7.828745162835469 -0.132912773774182
7.862091282413976 -0.107448750673487
7.89532047007105 -0.08183222003079915
7.928458539840975 -0.05609801457400243
7.961481390071703 -0.030216033037531
7.994488373129217 -0.004313806126014391
8.027509685018394 0.02157014303736605
8.060516017535152 0.04747319948696146
8.093605643138671 0.07326969708900728
8.126814415188367 0.09891269349510323
8.160110296008785 0.1244424186644848
8.193590815933492 0.1497293436555363
8.227294000075204 0.1747188593637394
8.261190707637276 0.1994450784354475
8.29537863383252 0.223766737869965
8.329889691934648 0.247627905773279
8.36470567485407 0.2710415905750886
8.399924241150075 0.2938446841012441
8.435557085442916 0.3159952002484999
8.471608389353847 0.3374573041115284
8.508165886178135 0.3580445898785684
8.545211865093057 0.3777396304596669
8.582775878909995 0.3964265659525905
8.62090952256492 0.4139213521233246
8.659576262928324 0.4302034331686299
8.698805174984596 0.4450781269410832
8.738581380535171 0.4584208217977465
8.778863665518557 0.4701449378578846
8.819629907283186 0.4800542844518931
8.86080561633842 0.4880933165554757
8.902322288637778 0.4941250834804082
8.944089412519384 0.498065246043383
8.986002552442084 0.4998781126658156
9.02795319372608 0.4995147285499913
9.069829385518618 0.4969871796428187
9.11152495699879 0.4923505835180313
9.152936453637617 0.485633403687939
9.193983829924544 0.4769619707443515
9.23459537502472 0.4664367675495215
9.27471003663375 0.4541505578126342
9.314312149063916 0.4402998252247141
9.353350217195866 0.4249305166489889
9.391838564465578 0.408230626968977
9.42978508159095 0.390333930759265
9.46716857177292 0.3712880034485834
9.50405783900483 0.351300755828394
9.540439337116167 0.3304038486147322
9.576341237735399 0.3086925279009579
9.611845226493589 0.2863361214288631
9.646918638266035 0.2633101884884185
9.6816228355494 0.239730996490535
9.716035675572288 0.2157285247384558
9.750115266692497 0.1912551781825572
9.783937675811567 0.166427349358496
9.817576245290853 0.1413510208133691
9.850983949375232 0.1159679041259514
9.884240943415723 0.09038750833534571
9.917420034106478 0.06470616167604785
9.950470671985466 0.03885969895950026
9.983471728103122 0.01294991590064217
10.01649874988126 -0.01292675396138984
10.04949980676577 -0.03883653582458254
10.08255035540679 -0.0646831134621679
10.11572935073576 -0.09036458227221435
10.14898625555742 -0.1159450946846914
10.18239377876468 -0.1413284484683782
10.2160321607165 -0.1664050296058271
10.2498543849865 -0.1912331101026502
10.28393370070227 -0.2157068410809034
10.31834626303046 -0.2397097100737273
10.35305017384329 -0.26328932243262
10.38812321166736 -0.2863158277902407
10.42362684138013 -0.3086728032584435
10.45952835658228 -0.3303847673773267
10.49590938053789 -0.3512824909449042
10.53279822852212 -0.3712705204002202
10.57018124134164 -0.3903173784551271
10.60812724761034 -0.4082151617540486
10.64661512256459 -0.4249161424785701
10.68565267803725 -0.4402867425327399
10.72525431421436 -0.4541388457835759
10.76536852312842 -0.4664265339732107
10.80597964230546 -0.4769533893589928
10.84702666372397 -0.4856264976533828
10.88843786476485 -0.4923454965603724
10.93013322921349 -0.4969839666014605
10.97200930504873 -0.4995134278500756
11.01395992974054 -0.4998787646332622
11.05587315307797 -0.4980678271114483
11.09764045350212 -0.4941295375223799
11.13915739479471 -0.4880996314977175
11.18033344160203 -0.4800623228927202
11.22110008566483 -0.4701546343711304
11.26138281905828 -0.4584320616119644
11.30115945800973 -0.4450907355200721
11.34038891114167 -0.4302173994196507
11.37905613479261 -0.4139364750766232
11.4171902707261 -0.3964427630141275
11.45475478261205 -0.377756824560753
11.49180119087942 -0.3580625940104211
11.52835915984266 -0.3374761312966242
11.56441087254806 -0.3160147293782301
11.60004405129905 -0.29386475003182
11.63526302225812 -0.2710622835541679
11.67007932061404 -0.2476490677813256
11.70459062958667 -0.2237882614809212
11.73877886284926 -0.1994670333005818
11.77267578492737 -0.1747411090205572
11.8063791281824 -0.1497518076852355
11.8398598592912 -0.1244651624396812
11.87315585942054 -0.09893559354874798
11.90636469617337 -0.07329268063000856
11.93945444185016 -0.04749633703485867
11.97246080341331 -0.02159331802304554
12.00548208451717 0.004290670217582075
12.03848909866712 0.03019285769547183
12.07151188942856 0.05607491486365111
12.10464983428129 0.08180928135900802
12.13787896255753 0.1074258893924907
12.17122493257262 0.1328901089679097
12.20478774868567 0.1580676432581653
12.23854665345063 0.1829818129968842
12.27252886591256 0.207590297393859
12.30683293809353 0.2317477999989868
12.34143573798906 0.2554756602978985
12.37637450796489 0.2787055632493713
12.41173977322614 0.3012805120942775
12.4475017008944 0.3232218320971023
12.48371255324029 0.3444133559897038
12.52043952853254 0.3646970736303018
12.55764965419156 0.384079867804749
12.59540204681028 0.4023827972041011
12.63371527525135 0.4194809961832747
12.67256507791756 0.4353207541376732
12.71198382179455 0.449684605913411
12.75192895347583 0.462512026978656
12.79237703235305 0.473649747401251
12.83328843108853 0.4829421397088683
12.87458558369084 0.4903309265208994
12.91621118786839 0.4955340832358204
12.95808956834341 0.4980404325613028