13.0 2.0
1.0 2.0
12.95804195801162 2.0
12.91608391571269 2.0
12.87412587360118 2.0
12.8321678315617 2.0
12.79020978955513 2.0
12.7482517471822 2.0
12.70629370499449 2.0
12.66433566301498 2.0
12.62237762100727 2.0
12.58041957899948 2.0
12.53846153692437 2.0
12.49650349488178 2.0
12.45454545267853 2.0
12.41258741063943 2.0
12.37062936858949 2.0
12.32867132643878 2.0
12.28671328418094 2.0
12.24475524209044 2.0
12.20279720006445 2.0
12.16083915796174 2.0
12.11888111583446 2.0
12.07692307382622 2.0
12.03496503181047 2.0
11.99300698980389 2.0
11.95104894779732 2.0
11.90909090579075 2.0
11.86713286378417 2.0
11.82517482177759 2.0
11.78321677977102 2.0
11.74125873757255 2.0
11.69930069529227 2.0
11.65734265308675 2.0
11.6153846109249 2.0
11.57342656891347 2.0
11.53146852706217 2.0
11.48951048521087 2.0
11.44755244312423 2.0
11.40559440080953 2.0
11.36363635864768 2.0
11.32167831676484 2.0
11.27972027471429 2.0
11.23776223253076 2.0
11.19580419051887 2.0
11.1538461485123 2.0
11.11188810650572 2.0
11.06993006438853 2.0
11.0279720223746 2.0
10.9860139805233 2.0
10.94405593837358 2.0
10.90209789612681 2.0
10.86013985410951 2.0
10.81818181214232 2.0
10.77622377044387 2.0
10.73426572869189 2.0
10.69230768658217 2.0
10.65034964431971 2.0
10.60839160229493 2.0
10.56643356037517 2.0
10.52447551822439 2.0
10.48251747617399 2.0
10.44055943421079 2.0
10.39860139220421 2.0
10.35664335018967 2.0
10.31468530808712 2.0
10.27272726619434 2.0
10.23076922406949 2.0
10.18881118206291 2.0
10.14685313988559 2.0
10.10489509791211 2.0
10.06293705564184 2.0
10.020979013516 2.0
9.979020971332659 2.0
9.937062929237417 2.0
9.895104887209158 2.0
9.853146845071116 2.0
9.811188803044217 2.0
9.76923076103764 2.0
9.727272719031067 2.0
9.685314677024493 2.0
9.643356634858167 2.0
9.60139859276258 2.0
9.559440550802861 2.0
9.51748250878787 2.0
9.475524466590004 2.0
9.433566424591312 2.0
9.391608382559262 2.0
9.349650340332056 2.0
9.307692298361497 2.0
9.265734256333918 2.0
9.223776214172064 2.0
9.181818172026968 2.0
9.139860129863601 2.0
9.09790208755641 2.0
9.055944045616554 2.0
9.013986003579651 2.0
8.972027961459876 2.0
8.930069919481431 2.0
8.88811187735404 2.0
8.846153835465591 2.0
8.80419579343718 2.0
8.762237751313274 2.0
8.720279709277435 2.0
8.678321667218697 2.0
8.636363625212121 2.0
8.594405583205546 2.0
8.55244754119897 2.0
8.510489499192396 2.0
8.46853145714245 2.0
8.426573415048457 2.0
8.384615373010039 2.0
8.342657330950201 2.0
8.300699288887863 2.0
8.258741246559893 2.0
8.216783204300691 2.0
8.174825162304955 2.0
8.132867120168276 2.0
8.090909078092706 2.0
8.048951036068843 2.0
8.006992994021477 2.0
7.965034952003188 2.0
7.923076910032401 2.0
7.881118868004196 2.0
7.839160825829153 2.0
7.797202783873832 2.0
7.755244741809104 2.0
7.71328669955991 2.0
7.671328657320421 2.0
7.629370615180405 2.0
7.587412573096193 2.0
7.545454531033664 2.0
7.503496488927768 2.0
7.461538446919446 2.0
7.4195804047822 2.0
7.377622362696243 2.0
7.335664320558387 2.0
7.293706278422695 2.0
7.251748236248258 2.0
7.209790194026207 2.0
7.167832151741378 2.0
7.125874109692043 2.0
7.083916067431249 2.0
7.041958025423309 2.0
6.999999983358848 2.0
6.958041941688184 2.0
6.916083899893218 2.0
6.874125858048518 2.0
6.832167816157334 2.0
6.790209774347473 2.0
6.748251732500417 2.0
6.706293690536646 2.0
6.664335648833451 2.0
6.622377607044097 2.0
6.580419565142836 2.0
6.53846152342073 2.0
6.496503481652072 2.0
6.454545439946421 2.0
6.412587398286335 2.0
6.370629356370665 2.0
6.328671314544671 2.0
6.286713272948425 2.0
6.244755231297853 2.0
6.202797189558993 2.0
6.160839147855085 2.0
6.118881106167555 2.0
6.076923064231337 2.0
6.034965022391678 2.0
5.993006980699142 2.0
5.951048938770205 2.0
5.909090896864924 2.0
5.86713285494084 2.0
5.825174813021453 2.0
5.783216771168299 2.0
5.741258729279203 2.0
5.699300687369755 2.0
5.657342645487672 2.0
5.615384603533869 2.0
5.573426561719113 2.0
5.531468519844044 2.0
5.489510478032097 2.0
5.447552436144973 2.0
5.405594394380716 2.0
5.363636352619143 2.0
5.321678310744723 2.0
5.279720268988043 2.0
5.237762227214381 2.0
5.19580418518597 2.0
5.153846142946482 2.0
5.111888100836035 2.0
5.0699300589299 2.0
5.027972017248962 2.0
4.986013975451876 2.0
4.944055933602132 2.0
4.902097892037122 2.0
4.860139850496376 2.0
4.818181808712175 2.0
4.776223767033818 2.0
4.734265725124816 2.0
4.692307683189134 2.0
4.650349641469608 2.0
4.608391599643633 2.0
4.56643355779597 2.0
4.524475515867032 2.0
4.482517473938096 2.0
4.440559432113488 2.0
4.398601390339826 2.0
4.356643348476545 2.0
4.314685306439189 2.0
4.27272726470467 2.0
4.23076922307734 2.0
4.188811181221872 2.0
4.146853139252671 2.0
4.104895097348986 2.0
4.06293705556992 2.0
4.020979013678346 2.0
3.97902097185836 2.0
3.93706293006099 2.0
3.895104888070335 2.0
3.853146846208546 2.0
3.811188804409747 2.0
3.769230762645395 2.0
3.727272720864852 2.0
3.685314678916773 2.0
3.643356637397784 2.0
3.601398595755442 2.0
3.559440553986028 2.0
3.517482512153756 2.0
3.47552447058344 2.0
3.433566428798954 2.0
3.391608386865277 2.0
3.349650344980278 2.0
3.307692303041505 2.0
3.265734261231603 2.0
3.223776219428863 2.0
3.181818177732841 2.0
3.139860135968033 2.0
3.097902094132771 2.0
3.055944052218843 2.0
3.013986010452079 2.0
2.972027968470222 2.0
2.930069926551577 2.0
2.888111884534841 2.0
2.846153842625085 2.0
2.804195800768668 2.0
2.762237758985339 2.0
2.720279717150797 2.0
2.678321675281731 2.0
2.63636363338282 2.0
2.594405591490356 2.0
2.552447549676051 2.0
2.5104895079309 2.0
2.468531466184797 2.0
2.42657342441936 2.0
2.384615382537679 2.0
2.342657340782348 2.0
2.300699298812467 2.0
2.258741256982586 2.0
2.216783215116695 2.0
2.174825173423002 2.0
2.132867131856381 2.0
2.090909089867145 2.0
2.048951047992929 2.0
2.006993005990521 2.0
1.965034964159464 2.0
1.923076922312243 2.0
1.881118880088731 2.0
1.839160838086018 2.0
1.797202796128802 2.0
1.755244754221547 2.0
1.713286712401118 2.0
1.671328670633272 2.0
1.629370628829723 2.0
1.587412586776144 2.0
1.54545454464723 2.0
1.50349650275209 2.0
1.461538460990926 2.0
1.419580419253928 2.0
1.377622377321976 2.0
1.335664335493871 2.0
1.293706293534437 2.0
1.25174825158926 2.0
1.209790209785991 2.0
1.167832167982153 2.0
1.125874125932515 2.0
1.083916083803474 2.0
1.041958041768872 2.0