1 2 34
149 148 61
34 2 35
102 15 16
80 72 67
3 61 35
4 61 3
51 50 97
35 2 3
4 5 61
13 14 74
54 53 109
147 75 49
12 82 87
82 12 13
74 14 86
61 36 35
60 27 145
53 52 108
49 48 85
93 60 145
76 149 65
109 53 108
74 82 13
42 153 41
75 147 73
8 65 7
149 7 65
73 70 76
75 73 62
86 14 15
40 39 48
100 75 62
39 38 79
65 62 73
82 74 71
8 9 65
79 76 70
9 10 64
146 29 30
64 62 65
31 32 72
149 5 6
10 11 64
148 76 37
75 100 97
56 55 121
11 87 64
64 125 100
65 73 76
51 97 98
65 9 64
36 61 148
49 75 50
81 71 74
146 68 29
60 91 23
123 92 124
85 39 79
22 23 91
110 20 63
43 44 88
63 20 21
80 68 146
146 31 72
19 20 110
24 60 23
87 66 125
25 26 60
88 83 152
60 26 27
12 87 11
89 44 45
145 27 28
91 21 22
74 86 81
72 32 78
39 85 48
102 86 15
145 29 68
66 124 125
25 60 24
76 38 37
96 95 110
117 109 92
32 33 78
138 109 126
153 42 152
76 79 38
138 55 54
83 107 151
84 106 101
57 114 58
85 79 70
95 17 18
78 67 72
41 78 33
106 90 59
152 42 43
120 104 135
88 152 43
45 90 89
45 46 90
118 82 71
46 47 59
17 95 103
102 105 81
89 107 83
82 66 87
107 89 84
58 106 59
93 96 63
85 70 147
60 93 63
83 88 89
99 126 119
89 88 44
59 90 46
89 90 84
60 63 91
21 91 63
98 52 51
117 118 119
80 111 68
112 96 111
120 94 112
81 86 102
18 19 110
103 116 104
111 96 93
95 96 94
75 97 50
98 97 69
124 98 69
108 98 92
71 127 119
115 136 101
64 100 62
97 100 69
115 57 56
101 77 107
103 102 16
103 104 105
17 103 16
116 103 95
112 94 96
77 101 136
103 105 102
105 104 130
106 58 114
90 106 84
101 107 84
107 77 151
98 108 52
109 108 92
117 92 123
54 109 138
96 110 63
18 110 95
68 111 93
111 80 112
144 140 143
155 77 136
134 113 138
115 101 114
115 114 57
106 114 101
121 115 56
134 137 113
95 94 116
116 94 135
66 82 118
126 117 119
118 71 119
118 117 123
127 71 81
130 139 128
141 142 133
141 122 132
138 121 55
115 121 113
131 119 129
127 129 119
92 98 124
118 123 66
125 124 69
66 123 124
100 125 69
87 125 64
134 138 99
109 117 126
105 127 81
99 119 131
130 129 127
104 139 130
127 105 130
129 128 131
139 104 120
128 129 130
128 132 131
122 137 134
128 139 141
134 132 122
143 120 112
151 150 83
99 131 134
134 131 132
116 135 104
94 120 135
137 115 113
136 122 155
122 136 137
115 137 136
99 138 126
121 138 113
120 143 142
139 142 141
144 112 80
153 67 78
141 133 155
132 128 141
120 142 139
150 142 140
144 143 112
142 143 140
80 67 144
153 154 67
29 145 28
93 145 68
31 146 30
80 146 72
85 147 49
73 147 70
36 148 37
61 5 149
149 6 7
76 148 149
142 150 133
144 154 140
155 151 77
133 150 151
83 150 152
154 150 140
41 153 78
152 150 154
67 154 144
154 153 152
141 155 122
151 155 133
