1. 2.
9. 2.
1.1481481481481481 2.
1.2962962962962963 2.
1.4444444444444444 2.
1.5925925925925926 2.
1.7407407407407407 2.
1.8888888888888888 2.
2.037037037037037 2.
2.185185185185185 2.
2.333333333333333 2.
2.4814814814814814 2.
2.6296296296296298 2.
2.7777777777777777 2.
2.9259259259259256 2.
3.074074074074074 2.
3.2222222222222223 2.
3.3703703703703702 2.
3.518518518518518 2.
3.6666666666666665 2.
3.814814814814815 2.
3.962962962962963 2.
4.111111111111111 2.
4.2592592592592595 2.
4.407407407407407 2.
4.555555555555555 2.
4.703703703703703 2.
4.851851851851851 2.
5. 2.
5.148148148148148 2.
5.296296296296296 2.
5.444444444444445 2.
5.592592592592593 2.
5.7407407407407405 2.
5.888888888888888 2.
6.037037037037036 2.
6.185185185185185 2.
6.333333333333333 2.
6.481481481481481 2.
6.62962962962963 2.
6.777777777777778 2.
6.925925925925926 2.
7.0740740740740735 2.
7.222222222222221 2.
7.37037037037037 2.
7.518518518518518 2.
7.666666666666666 2.
7.814814814814815 2.
7.962962962962963 2.
8.11111111111111 2.
8.25925925925926 2.
8.407407407407407 2.
8.555555555555555 2.
8.703703703703702 2.
8.851851851851851 2.