0.0 0.0
4.0 0.0
4.0 2.0
0.0 2.0
0.1379310345892199 0.0
0.2758620691712422 0.0
0.41379310382056 0.0
0.5517241384708124 0.0
0.6896551731195694 0.0
0.8275862076957968 0.0
0.9655172423998856 0.0
1.103448277345489 0.0
1.241379312220807 0.0
1.379310347103602 0.0
1.517241381829375 0.0
1.655172416456447 0.0
1.793103451239795 0.0
1.931034486113617 0.0
2.068965520346639 0.0
2.206896554653685 0.0
2.344827588636219 0.0
2.482758622568655 0.0
2.620689656159379 0.0
2.758620689634954 0.0
2.896551723915083 0.0
3.034482757972389 0.0
3.172413792055118 0.0
3.31034482628141 0.0
3.448275861138782 0.0
3.58620689555051 0.0
3.724137930294228 0.0
3.862068965256282 0.0
4.0 0.1333333334371927
4.0 0.2666666669369541
4.0 0.4000000004054542
4.0 0.533333334050318
4.0 0.6666666677363816
4.0 0.8000000014137713
4.0 0.9333333350275548
4.0 1.066666668266927
4.0 1.200000001058162
4.0 1.333333333528474
4.0 1.466666666559679
4.0 1.599999999414521
4.0 1.733333332862061
4.0 1.866666666283578
3.862068965349378 2.0
3.724137931104021 2.0
3.586206896634348 2.0
3.44827586181773 2.0
3.310344826914376 2.0
3.172413792142621 2.0
3.034482756961113 2.0
2.896551722134027 2.0
2.758620687040751 2.0
2.620689651800172 2.0
2.482758616934951 2.0
2.344827582479485 2.0
2.206896548066639 2.0
2.068965513033181 2.0
1.931034478502194 2.0
1.793103444576117 2.0
1.655172410637328 2.0
1.517241376637974 2.0
1.37931034226214 2.0
1.241379308067255 2.0
1.1034482738219 2.0
0.9655172396356143 2.0
0.827586205512512 2.0
0.6896551717965465 2.0
0.5517241375915671 2.0
0.4137931034972517 2.0
0.2758620691169327 2.0
0.1379310348599874 2.0
0.0 1.866666666283578
0.0 1.733333332862061
0.0 1.599999999414521
0.0 1.466666666559679
0.0 1.333333333528474
0.0 1.200000001058162
0.0 1.066666668266927
0.0 0.9333333350275548
0.0 0.8000000014137713
0.0 0.6666666677363816
0.0 0.533333334050318
0.0 0.4000000004054542
0.0 0.2666666669369541
0.0 0.1333333334371927