0.0 0.0
4.0 0.0
0.1379310345892199 0.0
0.2758620691712422 0.0
0.41379310382056 0.0
0.5517241384708124 0.0
0.6896551731195694 0.0
0.8275862076957968 0.0
0.9655172423998856 0.0
1.103448277345489 0.0
1.241379312220807 0.0
1.379310347103602 0.0
1.517241381829375 0.0
1.655172416456447 0.0
1.793103451239795 0.0
1.931034486113617 0.0
2.068965520346639 0.0
2.206896554653685 0.0
2.344827588636219 0.0
2.482758622568655 0.0
2.620689656159379 0.0
2.758620689634954 0.0
2.896551723915083 0.0
3.034482757972389 0.0
3.172413792055118 0.0
3.31034482628141 0.0
3.448275861138782 0.0
3.58620689555051 0.0
3.724137930294228 0.0
3.862068965256282 0.0