4.0 2.0
0.0 2.0
3.862068965349378 2.0
3.724137931104021 2.0
3.586206896634348 2.0
3.44827586181773 2.0
3.310344826914376 2.0
3.172413792142621 2.0
3.034482756961113 2.0
2.896551722134027 2.0
2.758620687040751 2.0
2.620689651800172 2.0
2.482758616934951 2.0
2.344827582479485 2.0
2.206896548066639 2.0
2.068965513033181 2.0
1.931034478502194 2.0
1.793103444576117 2.0
1.655172410637328 2.0
1.517241376637974 2.0
1.37931034226214 2.0
1.241379308067255 2.0
1.1034482738219 2.0
0.9655172396356143 2.0
0.827586205512512 2.0
0.6896551717965465 2.0
0.5517241375915671 2.0
0.4137931034972517 2.0
0.2758620691169327 2.0
0.1379310348599874 2.0
