6.0 2.0
0.0 2.0
5.860465116171343 2.0
5.720930231995742 2.0
5.581395347918978 2.0
5.441860464425162 2.0
5.302325580289904 2.0
5.162790696184901 2.0
5.02325581247727 2.0
4.88372092864458 2.0
4.744186044638416 2.0
4.604651160279257 2.0
4.465116275803105 2.0
4.325581391974448 2.0
4.186046508301109 2.0
4.046511624113405 2.0
3.906976739614307 2.0
3.767441855705974 2.0
3.627906971448679 2.0
3.488372087206513 2.0
3.348837202951235 2.0
3.209302319076184 2.0
3.069767434857214 2.0
2.930232551182363 2.0
2.790697668064236 2.0
2.651162785122104 2.0
2.511627901800753 2.0
2.372093018286514 2.0
2.232558134631834 2.0
2.09302325126661 2.0
1.953488367926096 2.0
1.813953484655173 2.0
1.674418601446781 2.0
1.534883718079036 2.0
1.395348834434946 2.0
1.255813951177638 2.0
1.116279068265256 2.0
0.9767441843982752 2.0
0.8372093012660278 2.0
0.6976744182381672 2.0
0.5581395349606884 2.0
0.4186046509044751 2.0
0.2790697675577826 2.0
0.1395348834962762 2.0