0. 0.
0.1206078064828249 0.04707976453963177
0.24786689713931984 0.09489641860174716
0.37573354927902136 0.1391319825674637
0.5043867891356226 0.17799061318931284
0.6334741079005304 0.2096977456186786
0.7616520861313179 0.23268216766981872
0.8857990315862705 0.24598833727686745
1.0000000000000033 0.25
1.1367669565156282 0.24425300064634844
1.2730571227136624 0.2273541588676681
1.4080322776390202 0.2003841672758082
1.5411674417980907 0.16498379762363174
1.6723199781570823 0.12307247678065686
1.801684373393454 0.07662490080118746
1.9296893397109696 0.027554833772474033
2.056884688957488 -0.022308851112385644
2.1838313729225884 -0.0711913400947641
2.3109783179913848 -0.11732184442533095
2.438485728374528 -0.15889735899703264
2.56592569050731 -0.19410323874304078
2.691742893387671 -0.22126084556083808
2.8122693372579364 -0.23920877394038728
2.919908967609206 -0.24802419233832235
3.0000000000000084 -0.25
3.136308657603699 -0.24429130488949713
3.2721421225891945 -0.22750336011608352
3.4062110828220757 -0.2008109864125663
3.5375497866944787 -0.16604849429328672
3.665138172679073 -0.12551946073166909
3.7874172011347156 -0.08193826460242379
3.901298990903938 -0.0386047029932516
4. 0.