0. 2.
4. 2.
0.10382559144141296 2.037941240336364
0.16028980592585648 2.052831388408202
0.2500194908442284 2.062499999531326
0.3563453260070814 2.0490591239450047
0.4839746198505288 2.0062825235377844
0.6029124649973548 1.9623443334587638
0.6598247045183029 1.9472664221026252
0.7500000000000031 1.9375
0.8615796150806517 1.9522406903308023
0.9887257104518683 1.9955762987670338
1.1066987062082478 2.038831595832264
1.1627570613137876 2.053342685789176
1.2500194908438582 2.0624999995313256
1.356345326007077 2.049059123945006
1.4839746198505317 2.006282523537783
1.6029124649973578 1.962344333458763
1.659824704518306 1.9472664221026248
1.7500000000000067 1.9375
1.8615796150807005 1.9522406903308145
1.9887257104519689 1.9955762987670735
2.1066987062084426 2.038831595832323
2.1627570613140814 2.053342685789236
2.250019490836532 2.062499999531326
2.3563453260069367 2.0490591239450398
2.483974619850535 2.006282523537782
2.602912464997361 1.9623443334587618
2.6598247045183094 1.947266422102624
2.75000000000001 1.9375
2.86157961508082 1.9522406903308447
2.98872571045222 1.9955762987671715
3.106698706208933 2.0388315958324728
3.162757061314824 2.0533426857893877
3.2500194908404256 2.062499999531326
3.356345326007016 2.0490591239450207
3.4839746198505384 2.0062825235377804
3.602912464997366 1.9623443334587645
3.659824704518313 1.9472664221026232
3.7500000000000138 1.9375
3.8367302699024717 1.9465526767340957
3.9355602861255865 1.9753803381304358
