1. 2.
5. 2.
1.1428571428571428 2.
1.2857142857142856 2.
1.4285714285714286 2.
1.5714285714285714 2.
1.7142857142857142 2.
1.8571428571428572 2.
2. 2.
2.142857142857143 2.
2.2857142857142856 2.
2.4285714285714284 2.
2.571428571428571 2.
2.7142857142857144 2.
2.8571428571428568 2.
3. 2.
3.142857142857143 2.
3.2857142857142856 2.
3.4285714285714284 2.
3.571428571428571 2.
3.714285714285714 2.
3.8571428571428568 2.
4. 2.
4.142857142857142 2.
4.285714285714286 2.
4.428571428571429 2.
4.571428571428571 2.
4.7142857142857135 2.
4.857142857142857 2.