4. 0.046511627906976744
4. 0.09302325581395349
4. 0.13953488372093023
4. 0.18604651162790697
4. 0.23255813953488372
4. 0.27906976744186046
4. 0.32558139534883723
4. 0.37209302325581395
4. 0.41860465116279066
4. 0.46511627906976744
4. 0.5116279069767442
4. 0.5581395348837209
4. 0.6046511627906976
4. 0.6511627906976745
4. 0.6976744186046512
4. 0.7441860465116279
4. 0.7906976744186046
4. 0.8372093023255813
4. 0.8837209302325582
4. 0.9302325581395349
4. 0.9767441860465116
4. 1.0232558139534884
4. 1.069767441860465
4. 1.1162790697674418
4. 1.1627906976744187
4. 1.2093023255813953
4. 1.255813953488372
4. 1.302325581395349
4. 1.3488372093023255
4. 1.3953488372093024
4. 1.441860465116279
4. 1.4883720930232558
4. 1.5348837209302326
4. 1.5813953488372092
4. 1.627906976744186
4. 1.6744186046511627
4. 1.7209302325581395
4. 1.7674418604651163
4. 1.813953488372093
4. 1.8604651162790697
4. 1.9069767441860466
4. 1.9534883720930232