0. 0.046511627906976744
0. 0.09302325581395349
0. 0.13953488372093023
0. 0.18604651162790697
0. 0.23255813953488372
0. 0.27906976744186046
0. 0.32558139534883723
0. 0.37209302325581395
0. 0.41860465116279066
0. 0.46511627906976744
0. 0.5116279069767442
0. 0.5581395348837209
0. 0.6046511627906976
0. 0.6511627906976745
0. 0.6976744186046512
0. 0.7441860465116279
0. 0.7906976744186046
0. 0.8372093023255813
0. 0.8837209302325582
0. 0.9302325581395349
0. 0.9767441860465116
0. 1.0232558139534884
0. 1.069767441860465
0. 1.1162790697674418
0. 1.1627906976744187
0. 1.2093023255813953
0. 1.255813953488372
0. 1.302325581395349
0. 1.3488372093023255
0. 1.3953488372093024
0. 1.441860465116279
0. 1.4883720930232558
0. 1.5348837209302326
0. 1.5813953488372092
0. 1.627906976744186
0. 1.6744186046511627
0. 1.7209302325581395
0. 1.7674418604651163
0. 1.813953488372093
0. 1.8604651162790697
0. 1.9069767441860466
0. 1.9534883720930232