0.0 0.0
4.0 0.0
4.0 2.0
0.0 2.0
0.02898550727701054 0.0
0.05797101455410042 0.0
0.08695652182589385 0.0
0.1159420290947804 0.0
0.144927536368263 0.0
0.1739130436410385 0.0
0.2028985509065074 0.0
0.2318840581718192 0.0
0.2608695654482873 0.0
0.289855072735676 0.0
0.3188405800266001 0.0
0.34782608731611 0.0
0.3768115945969778 0.0
0.4057971018778455 0.0
0.4347826091686126 0.0
0.4637681164595366 0.0
0.4927536237421329 0.0
0.5217391310230006 0.0
0.5507246383106249 0.0
0.5797101456004493 0.0
0.6086956528712606 0.0
0.6376811601705127 0.0
0.6666666674923916 0.0
0.6956521747704308 0.0
0.7246376820561696 0.0
0.7536231893420656 0.0
0.7826086966281187 0.0
0.8115942039187285 0.0
0.8405797111895401 0.0
0.8695652184782644 0.0
0.8985507257910295 0.0
0.9275362331059159 0.0
0.9565217403842695 0.0
0.9855072476706368 0.0
1.014492755021899 0.0
1.043478262393274 0.0
1.072463769750822 0.0
1.101449277049602 0.0
1.130434784377295 0.0
1.159420291718187 0.0
1.188405799030795 0.0
1.217391306321719 0.0
1.246376813540991 0.0
1.275362320778962 0.0
1.304347828084656 0.0
1.333333335393258 0.0
1.362318842704452 0.0
1.391304349963321 0.0
1.420289857264851 0.0
1.449275364556875 0.0
1.478260871925422 0.0
1.507246379295226 0.0
1.536231886566745 0.0
1.565217393872439 0.0
1.594202901163991 0.0
1.623188408470157 0.0
1.65217391568063 0.0
1.681159422891104 0.0
1.710144930162229 0.0
1.739130437548688 0.0
1.768115944879838 0.0
1.797101452254984 0.0
1.826086959650557 0.0
1.855072466965994 0.0
1.884057974276638 0.0
1.913043481564105 0.0
1.942028988882998 0.0
1.971014496189321 0.0
2.000000003496508 0.0
2.0289855106545 0.0
2.057971017629905 0.0
2.086956524718286 0.0
2.115942031948086 0.0
2.144927539157459 0.0
2.173913046330849 0.0
2.202898553525294 0.0
2.231884060722489 0.0
2.260869567780546 0.0
2.289855074910568 0.0
2.318840582033833 0.0
2.347826089159298 0.0
2.376811596289792 0.0
2.405797103442755 0.0
2.434782610513067 0.0
2.463768117723226 0.0
2.492753624806737 0.0
2.521739131982562 0.0
2.550724639150925 0.0
2.579710146357156 0.0
2.608695653528661 0.0
2.637681160506187 0.0
2.666666667568329 0.0
2.695652174697408 0.0
2.724637681779663 0.0
2.75362318881902 0.0
2.782608695976697 0.0
2.811594203072466 0.0
2.840579710212936 0.0
2.869565217325989 0.0
2.898550724680236 0.0
2.927536231949949 0.0
2.956521739201825 0.0
2.985507246263339 0.0
3.014492753432172 0.0
3.043478260562194 0.0
3.072463767692216 0.0
3.101449274822238 0.0
3.130434781952261 0.0
3.159420289145999 0.0
3.188405796271542 0.0
3.217391303461588 0.0
3.246376810689188 0.0
3.275362317813867 0.0
3.304347825097249 0.0
3.33333333234669 0.0
3.362318839678311 0.0
3.391304346982748 0.0
3.420289854235725 0.0
3.449275361505121 0.0
3.478260868802724 0.0
3.507246375932745 0.0
3.536231883076594 0.0
3.56521739040303 0.0
3.594202897693954 0.0
3.62318840495196 0.0
3.652173912226541 0.0
3.681159419564056 0.0
3.71014492695303 0.0
3.739130434211271 0.0
3.768115941492766 0.0
3.797101448887005 0.0
3.826086956189165 0.0
3.855072463477105 0.0
3.884057970754988 0.0
3.913043478086453 0.0
3.942028985345714 0.0
3.97101449262234 0.0
4.0 0.02898550733272043
4.0 0.05797101453237097
4.0 0.08695652178014124
4.0 0.1159420290146349
4.0 0.1449275361318307
4.0 0.1739130433993621
4.0 0.2028985505204857
4.0 0.2318840577248099
4.0 0.2608695648201249
4.0 0.2898550718777683
4.0 0.3188405790315758
4.0 0.3478260863448316
4.0 0.3768115934578239
4.0 0.4057971005848797
4.0 0.434782607713919
4.0 0.4637681148596735
4.0 0.4927536220485209
4.0 0.5217391292235403
4.0 0.5507246364038245
4.0 0.5797101435768004
4.0 0.6086956507865462
4.0 0.6376811580224346
4.0 0.6666666651704674
4.0 0.6956521723238032
4.0 0.7246376795693747
4.0 0.753623186745455
4.0 0.782608693952922
4.0 0.8115942011729598
4.0 0.8405797082947906
4.0 0.8695652154492258
4.0 0.8985507225733359
4.0 0.9275362296675903
4.0 0.9565217368399386
4.0 0.9855072440039592
4.0 1.014492751223761
4.0 1.043478258626149
4.0 1.072463765998054
4.0 1.101449273339947
4.0 1.130434780665027
4.0 1.159420287994192
4.0 1.188405795158369
4.0 1.217391302380057
4.0 1.246376809700501
4.0 1.275362316981427
4.0 1.304347824348932
4.0 1.333333331768919
4.0 1.362318839184349
4.0 1.391304346446026
4.0 1.420289853852814
4.0 1.449275361338481
4.0 1.47826086867511
4.0 1.507246375952265
4.0 1.536231883398021
4.0 1.565217390738499
4.0 1.594202898077721
4.0 1.623188405402801
4.0 1.652173912706668
4.0 1.681159420013677
4.0 1.71014492738024
4.0 1.739130434659751
4.0 1.768115941926693
4.0 1.79710144928697
4.0 1.826086956591623
4.0 1.855072463788798
4.0 1.884057970996344
4.0 1.913043478160522
4.0 1.942028985340727
4.0 1.971014492701161
3.971014492679428 2.0
3.942028985398768 2.0
3.91304347808448 2.0
3.884057970674344 2.0
3.855072463476334 2.0
3.826086956310378 2.0
3.797101449144423 2.0
3.768115941942013 2.0
3.739130434695606 2.0
3.710144927435138 2.0
3.681159420244827 2.0
3.652173912977601 2.0
3.623188405682483 2.0
3.594202898365997 2.0
3.565217391047939 2.0
3.53623188364063 2.0
3.507246376366569 2.0
3.478260869075381 2.0
3.449275361727547 2.0
3.420289854470141 2.0
3.391304347140769 2.0
3.362318839779501 2.0
3.333333332459872 2.0
3.304347825170097 2.0
3.275362317836955 2.0
3.246376810558808 2.0
3.217391303231951 2.0
3.188405795905094 2.0
3.159420288578236 2.0
3.130434781244779 2.0
3.101449273881467 2.0
3.072463766549425 2.0
3.043478259100163 2.0
3.0144927516652 2.0
2.98550724438941 2.0
2.956521737031441 2.0
2.927536229653281 2.0
2.898550722381734 2.0
2.869565214916288 2.0
2.840579707428528 2.0
2.811594199945797 2.0
2.782608692654767 2.0
2.753623185443872 2.0
2.724637678144198 2.0
2.695652170738776 2.0
2.666666663412705 2.0
2.637681156033365 2.0
2.608695648636114 2.0
2.57971014122692 2.0
2.550724633917348 2.0
2.521739126562679 2.0
2.492753619303152 2.0
2.463768112015106 2.0
2.43478260472376 2.0
2.405797097366891 2.0
2.376811590200936 2.0
2.34782608303498 2.0
2.318840575869024 2.0
2.289855068536197 2.0
2.260869561250508 2.0
2.23188405392365 2.0
2.202898546596793 2.0
2.173913039216197 2.0
2.144927531909453 2.0
2.115942024504344 2.0
2.086956517140405 2.0
2.057971009779921 2.0
2.02898550247302 2.0
1.999999995146163 2.0
1.971014488040703 2.0
1.942028980855892 2.0
1.913043473709106 2.0
1.884057966464114 2.0
1.855072459371697 2.0
1.826086952286192 2.0
1.797101445179633 2.0
1.768115937987515 2.0
1.739130430939879 2.0
1.710144923775025 2.0
1.681159416588328 2.0
1.652173909437065 2.0
1.623188402265217 2.0
1.594202895045681 2.0
1.56521738788664 2.0
1.5362318807023 2.0
1.50724637346815 2.0
1.478260866226379 2.0
1.449275359112435 2.0
1.420289851937522 2.0
1.39130434474784 2.0
1.362318837572418 2.0
1.333333330407799 2.0
1.304347823253157 2.0
1.275362316111046 2.0
1.246376808910148 2.0
1.217391301692183 2.0
1.188405794473274 2.0
1.159420287274833 2.0
1.130434780133979 2.0
1.101449272883958 2.0
1.072463765755635 2.0
1.043478258546313 2.0
1.014492751346967 2.0
0.9855072441222451 2.0
0.9565217369478046 2.0
0.9275362297409955 2.0
0.898550722453538 2.0
0.8695652154322615 2.0
0.8405797083402357 2.0
0.8115942012371531 2.0
0.7826086942129293 2.0
0.7536231869984604 2.0
0.7246376798928444 2.0
0.6956521727689202 2.0
0.6666666654543982 2.0
0.6376811581388542 2.0
0.6086956508748493 2.0
0.5797101437280645 2.0
0.5507246365775078 2.0
0.5217391294920029 2.0
0.4927536224111335 2.0
0.4637681152436068 2.0
0.4347826080306705 2.0
0.4057971009100076 2.0
0.3768115938836238 2.0
0.3478260866127059 2.0
0.3188405793635489 2.0
0.2898550720864623 2.0
0.2608695648604034 2.0
0.2318840578822194 2.0
0.2028985507652896 2.0
0.1739130434068472 2.0
0.144927536247454 2.0
0.1159420290010469 2.0
0.08695652174859103 2.0
0.05797101466899712 2.0
0.02898550731699867 2.0
0.0 1.971014492701161
0.0 1.942028985340727
0.0 1.913043478160522
0.0 1.884057970996344
0.0 1.855072463788798
0.0 1.826086956591623
0.0 1.79710144928697
0.0 1.768115941926693
0.0 1.739130434659751
0.0 1.71014492738024
0.0 1.681159420013677
0.0 1.652173912706668
0.0 1.623188405402801
0.0 1.594202898077721
0.0 1.565217390738499
0.0 1.536231883398021
0.0 1.507246375952265
0.0 1.47826086867511
0.0 1.449275361338481
0.0 1.420289853852814
0.0 1.391304346446026
0.0 1.362318839184349
0.0 1.333333331768919
0.0 1.304347824348932
0.0 1.275362316981427
0.0 1.246376809700501
0.0 1.217391302380057
0.0 1.188405795158369
0.0 1.159420287994192
0.0 1.130434780665027
0.0 1.101449273339947
0.0 1.072463765998054
0.0 1.043478258626149
0.0 1.014492751223761
0.0 0.9855072440039592
0.0 0.9565217368399386
0.0 0.9275362296675903
0.0 0.8985507225733359
0.0 0.8695652154492258
0.0 0.8405797082947906
0.0 0.8115942011729598
0.0 0.782608693952922
0.0 0.753623186745455
0.0 0.7246376795693747
0.0 0.6956521723238032
0.0 0.6666666651704674
0.0 0.6376811580224346
0.0 0.6086956507865462
0.0 0.5797101435768004
0.0 0.5507246364038245
0.0 0.5217391292235403
0.0 0.4927536220485209
0.0 0.4637681148596735
0.0 0.434782607713919
0.0 0.4057971005848797
0.0 0.3768115934578239
0.0 0.3478260863448316
0.0 0.3188405790315758
0.0 0.2898550718777683
0.0 0.2608695648201249
0.0 0.2318840577248099
0.0 0.2028985505204857
0.0 0.1739130433993621
0.0 0.1449275361318307
0.0 0.1159420290146349
0.0 0.08695652178014124
0.0 0.05797101453237097
0.0 0.02898550733272043