0.0 0.0
4.0 0.0
0.02898550727701054 0.0
0.05797101455410042 0.0
0.08695652182589385 0.0
0.1159420290947804 0.0
0.144927536368263 0.0
0.1739130436410385 0.0
0.2028985509065074 0.0
0.2318840581718192 0.0
0.2608695654482873 0.0
0.289855072735676 0.0
0.3188405800266001 0.0
0.34782608731611 0.0
0.3768115945969778 0.0
0.4057971018778455 0.0
0.4347826091686126 0.0
0.4637681164595366 0.0
0.4927536237421329 0.0
0.5217391310230006 0.0
0.5507246383106249 0.0
0.5797101456004493 0.0
0.6086956528712606 0.0
0.6376811601705127 0.0
0.6666666674923916 0.0
0.6956521747704308 0.0
0.7246376820561696 0.0
0.7536231893420656 0.0
0.7826086966281187 0.0
0.8115942039187285 0.0
0.8405797111895401 0.0
0.8695652184782644 0.0
0.8985507257910295 0.0
0.9275362331059159 0.0
0.9565217403842695 0.0
0.9855072476706368 0.0
1.014492755021899 0.0
1.043478262393274 0.0
1.072463769750822 0.0
1.101449277049602 0.0
1.130434784377295 0.0
1.159420291718187 0.0
1.188405799030795 0.0
1.217391306321719 0.0
1.246376813540991 0.0
1.275362320778962 0.0
1.304347828084656 0.0
1.333333335393258 0.0
1.362318842704452 0.0
1.391304349963321 0.0
1.420289857264851 0.0
1.449275364556875 0.0
1.478260871925422 0.0
1.507246379295226 0.0
1.536231886566745 0.0
1.565217393872439 0.0
1.594202901163991 0.0
1.623188408470157 0.0
1.65217391568063 0.0
1.681159422891104 0.0
1.710144930162229 0.0
1.739130437548688 0.0
1.768115944879838 0.0
1.797101452254984 0.0
1.826086959650557 0.0
1.855072466965994 0.0
1.884057974276638 0.0
1.913043481564105 0.0
1.942028988882998 0.0
1.971014496189321 0.0
2.000000003496508 0.0
2.0289855106545 0.0
2.057971017629905 0.0
2.086956524718286 0.0
2.115942031948086 0.0
2.144927539157459 0.0
2.173913046330849 0.0
2.202898553525294 0.0
2.231884060722489 0.0
2.260869567780546 0.0
2.289855074910568 0.0
2.318840582033833 0.0
2.347826089159298 0.0
2.376811596289792 0.0
2.405797103442755 0.0
2.434782610513067 0.0
2.463768117723226 0.0
2.492753624806737 0.0
2.521739131982562 0.0
2.550724639150925 0.0
2.579710146357156 0.0
2.608695653528661 0.0
2.637681160506187 0.0
2.666666667568329 0.0
2.695652174697408 0.0
2.724637681779663 0.0
2.75362318881902 0.0
2.782608695976697 0.0
2.811594203072466 0.0
2.840579710212936 0.0
2.869565217325989 0.0
2.898550724680236 0.0
2.927536231949949 0.0
2.956521739201825 0.0
2.985507246263339 0.0
3.014492753432172 0.0
3.043478260562194 0.0
3.072463767692216 0.0
3.101449274822238 0.0
3.130434781952261 0.0
3.159420289145999 0.0
3.188405796271542 0.0
3.217391303461588 0.0
3.246376810689188 0.0
3.275362317813867 0.0
3.304347825097249 0.0
3.33333333234669 0.0
3.362318839678311 0.0
3.391304346982748 0.0
3.420289854235725 0.0
3.449275361505121 0.0
3.478260868802724 0.0
3.507246375932745 0.0
3.536231883076594 0.0
3.56521739040303 0.0
3.594202897693954 0.0
3.62318840495196 0.0
3.652173912226541 0.0
3.681159419564056 0.0
3.71014492695303 0.0
3.739130434211271 0.0
3.768115941492766 0.0
3.797101448887005 0.0
3.826086956189165 0.0
3.855072463477105 0.0
3.884057970754988 0.0
3.913043478086453 0.0
3.942028985345714 0.0
3.97101449262234 0.0