4.0 2.0
0.0 2.0
3.971014492679428 2.0
3.942028985398768 2.0
3.91304347808448 2.0
3.884057970674344 2.0
3.855072463476334 2.0
3.826086956310378 2.0
3.797101449144423 2.0
3.768115941942013 2.0
3.739130434695606 2.0
3.710144927435138 2.0
3.681159420244827 2.0
3.652173912977601 2.0
3.623188405682483 2.0
3.594202898365997 2.0
3.565217391047939 2.0
3.53623188364063 2.0
3.507246376366569 2.0
3.478260869075381 2.0
3.449275361727547 2.0
3.420289854470141 2.0
3.391304347140769 2.0
3.362318839779501 2.0
3.333333332459872 2.0
3.304347825170097 2.0
3.275362317836955 2.0
3.246376810558808 2.0
3.217391303231951 2.0
3.188405795905094 2.0
3.159420288578236 2.0
3.130434781244779 2.0
3.101449273881467 2.0
3.072463766549425 2.0
3.043478259100163 2.0
3.0144927516652 2.0
2.98550724438941 2.0
2.956521737031441 2.0
2.927536229653281 2.0
2.898550722381734 2.0
2.869565214916288 2.0
2.840579707428528 2.0
2.811594199945797 2.0
2.782608692654767 2.0
2.753623185443872 2.0
2.724637678144198 2.0
2.695652170738776 2.0
2.666666663412705 2.0
2.637681156033365 2.0
2.608695648636114 2.0
2.57971014122692 2.0
2.550724633917348 2.0
2.521739126562679 2.0
2.492753619303152 2.0
2.463768112015106 2.0
2.43478260472376 2.0
2.405797097366891 2.0
2.376811590200936 2.0
2.34782608303498 2.0
2.318840575869024 2.0
2.289855068536197 2.0
2.260869561250508 2.0
2.23188405392365 2.0
2.202898546596793 2.0
2.173913039216197 2.0
2.144927531909453 2.0
2.115942024504344 2.0
2.086956517140405 2.0
2.057971009779921 2.0
2.02898550247302 2.0
1.999999995146163 2.0
1.971014488040703 2.0
1.942028980855892 2.0
1.913043473709106 2.0
1.884057966464114 2.0
1.855072459371697 2.0
1.826086952286192 2.0
1.797101445179633 2.0
1.768115937987515 2.0
1.739130430939879 2.0
1.710144923775025 2.0
1.681159416588328 2.0
1.652173909437065 2.0
1.623188402265217 2.0
1.594202895045681 2.0
1.56521738788664 2.0
1.5362318807023 2.0
1.50724637346815 2.0
1.478260866226379 2.0
1.449275359112435 2.0
1.420289851937522 2.0
1.39130434474784 2.0
1.362318837572418 2.0
1.333333330407799 2.0
1.304347823253157 2.0
1.275362316111046 2.0
1.246376808910148 2.0
1.217391301692183 2.0
1.188405794473274 2.0
1.159420287274833 2.0
1.130434780133979 2.0
1.101449272883958 2.0
1.072463765755635 2.0
1.043478258546313 2.0
1.014492751346967 2.0
0.9855072441222451 2.0
0.9565217369478046 2.0
0.9275362297409955 2.0
0.898550722453538 2.0
0.8695652154322615 2.0
0.8405797083402357 2.0
0.8115942012371531 2.0
0.7826086942129293 2.0
0.7536231869984604 2.0
0.7246376798928444 2.0
0.6956521727689202 2.0
0.6666666654543982 2.0
0.6376811581388542 2.0
0.6086956508748493 2.0
0.5797101437280645 2.0
0.5507246365775078 2.0
0.5217391294920029 2.0
0.4927536224111335 2.0
0.4637681152436068 2.0
0.4347826080306705 2.0
0.4057971009100076 2.0
0.3768115938836238 2.0
0.3478260866127059 2.0
0.3188405793635489 2.0
0.2898550720864623 2.0
0.2608695648604034 2.0
0.2318840578822194 2.0
0.2028985507652896 2.0
0.1739130434068472 2.0
0.144927536247454 2.0
0.1159420290010469 2.0
0.08695652174859103 2.0
0.05797101466899712 2.0
0.02898550731699867 2.0