4.0 0.02898550733272043
4.0 0.05797101453237097
4.0 0.08695652178014124
4.0 0.1159420290146349
4.0 0.1449275361318307
4.0 0.1739130433993621
4.0 0.2028985505204857
4.0 0.2318840577248099
4.0 0.2608695648201249
4.0 0.2898550718777683
4.0 0.3188405790315758
4.0 0.3478260863448316
4.0 0.3768115934578239
4.0 0.4057971005848797
4.0 0.434782607713919
4.0 0.4637681148596735
4.0 0.4927536220485209
4.0 0.5217391292235403
4.0 0.5507246364038245
4.0 0.5797101435768004
4.0 0.6086956507865462
4.0 0.6376811580224346
4.0 0.6666666651704674
4.0 0.6956521723238032
4.0 0.7246376795693747
4.0 0.753623186745455
4.0 0.782608693952922
4.0 0.8115942011729598
4.0 0.8405797082947906
4.0 0.8695652154492258
4.0 0.8985507225733359
4.0 0.9275362296675903
4.0 0.9565217368399386
4.0 0.9855072440039592
4.0 1.014492751223761
4.0 1.043478258626149
4.0 1.072463765998054
4.0 1.101449273339947
4.0 1.130434780665027
4.0 1.159420287994192
4.0 1.188405795158369
4.0 1.217391302380057
4.0 1.246376809700501
4.0 1.275362316981427
4.0 1.304347824348932
4.0 1.333333331768919
4.0 1.362318839184349
4.0 1.391304346446026
4.0 1.420289853852814
4.0 1.449275361338481
4.0 1.47826086867511
4.0 1.507246375952265
4.0 1.536231883398021
4.0 1.565217390738499
4.0 1.594202898077721
4.0 1.623188405402801
4.0 1.652173912706668
4.0 1.681159420013677
4.0 1.71014492738024
4.0 1.739130434659751
4.0 1.768115941926693
4.0 1.79710144928697
4.0 1.826086956591623
4.0 1.855072463788798
4.0 1.884057970996344
4.0 1.913043478160522
4.0 1.942028985340727
4.0 1.971014492701161