0. 2.
4. 2.
0.042105263157894736 2.
0.08421052631578947 2.
0.12631578947368421 2.
0.16842105263157894 2.
0.21052631578947367 2.
0.25263157894736843 2.
0.29473684210526313 2.
0.3368421052631579 2.
0.37894736842105264 2.
0.42105263157894735 2.
0.4631578947368421 2.
0.5052631578947369 2.
0.5473684210526316 2.
0.5894736842105263 2.
0.631578947368421 2.
0.6736842105263158 2.
0.7157894736842105 2.
0.7578947368421053 2.
0.7999999999999999 2.
0.8421052631578947 2.
0.8842105263157894 2.
0.9263157894736842 2.
0.968421052631579 2.
1.0105263157894737 2.
1.0526315789473684 2.
1.0947368421052632 2.
1.1368421052631579 2.
1.1789473684210525 2.
1.2210526315789474 2.
1.263157894736842 2.
1.305263157894737 2.
1.3473684210526315 2.
1.3894736842105262 2.
1.431578947368421 2.
1.4736842105263157 2.
1.5157894736842106 2.
1.5578947368421052 2.
1.5999999999999999 2.
1.6421052631578947 2.
1.6842105263157894 2.
1.7263157894736842 2.
1.768421052631579 2.
1.8105263157894735 2.
1.8526315789473684 2.
1.894736842105263 2.
1.936842105263158 2.
1.9789473684210526 2.
2.0210526315789474 2.
2.063157894736842 2.
2.1052631578947367 2.
2.1473684210526316 2.
2.1894736842105265 2.
2.231578947368421 2.
2.2736842105263158 2.
2.3157894736842106 2.
2.357894736842105 2.
2.4 2.
2.442105263157895 2.
2.484210526315789 2.
2.526315789473684 2.
2.568421052631579 2.
2.610526315789474 2.
2.6526315789473682 2.
2.694736842105263 2.
2.736842105263158 2.
2.7789473684210524 2.
2.8210526315789473 2.
2.863157894736842 2.
2.905263157894737 2.
2.9473684210526314 2.
2.9894736842105263 2.
3.031578947368421 2.
3.0736842105263156 2.
3.1157894736842104 2.
3.1578947368421053 2.
3.1999999999999997 2.
3.2421052631578946 2.
3.2842105263157895 2.
3.3263157894736843 2.
3.3684210526315788 2.
3.4105263157894736 2.
3.4526315789473685 2.
3.494736842105263 2.
3.536842105263158 2.
3.5789473684210527 2.
3.621052631578947 2.
3.663157894736842 2.
3.705263157894737 2.
3.7473684210526317 2.
3.789473684210526 2.
3.831578947368421 2.
3.873684210526316 2.
3.9157894736842103 2.
3.957894736842105 2.
