4. 0.041666666666666664
4. 0.08333333333333333
4. 0.125
4. 0.16666666666666666
4. 0.20833333333333331
4. 0.25
4. 0.29166666666666663
4. 0.3333333333333333
4. 0.375
4. 0.41666666666666663
4. 0.4583333333333333
4. 0.5
4. 0.5416666666666666
4. 0.5833333333333333
4. 0.625
4. 0.6666666666666666
4. 0.7083333333333333
4. 0.75
4. 0.7916666666666666
4. 0.8333333333333333
4. 0.875
4. 0.9166666666666666
4. 0.9583333333333333
4. 1.
4. 1.0416666666666665
4. 1.0833333333333333
4. 1.125
4. 1.1666666666666665
4. 1.2083333333333333
4. 1.25
4. 1.2916666666666665
4. 1.3333333333333333
4. 1.375
4. 1.4166666666666665
4. 1.4583333333333333
4. 1.5
4. 1.5416666666666665
4. 1.5833333333333333
4. 1.625
4. 1.6666666666666665
4. 1.7083333333333333
4. 1.75
4. 1.7916666666666665
4. 1.8333333333333333
4. 1.875
4. 1.9166666666666665
4. 1.9583333333333333