0. 0.041666666666666664
0. 0.08333333333333333
0. 0.125
0. 0.16666666666666666
0. 0.20833333333333331
0. 0.25
0. 0.29166666666666663
0. 0.3333333333333333
0. 0.375
0. 0.41666666666666663
0. 0.4583333333333333
0. 0.5
0. 0.5416666666666666
0. 0.5833333333333333
0. 0.625
0. 0.6666666666666666
0. 0.7083333333333333
0. 0.75
0. 0.7916666666666666
0. 0.8333333333333333
0. 0.875
0. 0.9166666666666666
0. 0.9583333333333333
0. 1.
0. 1.0416666666666665
0. 1.0833333333333333
0. 1.125
0. 1.1666666666666665
0. 1.2083333333333333
0. 1.25
0. 1.2916666666666665
0. 1.3333333333333333
0. 1.375
0. 1.4166666666666665
0. 1.4583333333333333
0. 1.5
0. 1.5416666666666665
0. 1.5833333333333333
0. 1.625
0. 1.6666666666666665
0. 1.7083333333333333
0. 1.75
0. 1.7916666666666665
0. 1.8333333333333333
0. 1.875
0. 1.9166666666666665
0. 1.9583333333333333