476 328 404
244 26 245
330 180 168
49 372 48
18 180 408
919 914 917
23 209 22
652 600 599
179 168 173
134 661 464
990 740 991
162 208 179
19 20 173
332 335 445
724 219 275
331 407 408
272 7 8
212 65 66
176 178 171
527 505 507
6 7 353
6 350 5
218 675 597
721 704 585
16 17 407
287 109 108
551 552 567
275 219 272
429 355 428
115 349 116
14 403 405
93 278 358
1037 1272 781
9 352 273
23 201 209
89 177 88
162 209 201
167 172 588
159 162 202
221 226 281
176 185 178
26 244 25
54 55 375
391 462 312
312 30 31
547 42 43
245 389 195
546 702 547
669 668 398
504 458 247
172 178 185
391 312 248
214 262 263
34 35 416
36 414 415
549 554 166
203 67 68
198 628 631
37 38 341
36 37 414
99 100 580
775 312 392
341 342 852
179 208 168
45 594 44
323 399 469
41 42 175
183 40 41
547 170 175
852 587 723
330 526 261
721 585 722
178 172 167
195 246 244
52 299 296
43 700 547
1213 1214 609
1 2 225
319 129 128
224 91 90
226 224 188
625 706 624
224 225 188
612 613 607
93 92 277
181 64 65
465 467 72
94 358 95
285 229 589
323 75 76
224 226 91
188 225 227
170 721 175
252 70 253
246 24 25
97 96 286
195 390 461
107 106 284
283 107 284
162 201 202
283 189 486
246 25 244
254 69 252
4 425 279
164 203 204
289 109 287
289 110 109
124 123 365
112 111 359
204 199 668
108 107 283
254 68 69
187 282 362
726 235 299
151 150 383
359 490 492
718 571 575
359 280 490
441 495 349
568 563 570
491 114 113
383 150 382
638 231 471
173 180 19
208 159 406
292 121 120
205 473 873
162 179 209
700 163 699
292 437 232
368 494 439
162 159 208
789 687 782
121 436 122
164 161 211
400 401 325
127 126 324
161 339 410
123 122 364
15 403 14
65 212 181
318 628 629
59 60 337
317 318 250
318 251 628
338 182 169
630 733 680
898 686 897
611 609 610
164 181 212
591 378 592
21 209 179
160 699 163
365 123 364
553 548 549
377 447 618
60 61 262
176 171 184
182 340 263
419 346 418
62 182 263
173 168 180
67 212 66
452 453 385
181 169 174
549 550 171
279 3 4
164 211 181
63 174 182
438 439 367
209 21 22
262 264 337
296 51 52
211 410 181
201 23 24
591 45 46
50 51 374
50 371 49
234 639 600
183 41 175
376 818 375
180 18 19
184 85 176
171 178 549
444 376 443
142 369 143
59 332 58
182 62 63
413 342 412
53 373 297
212 67 164
73 74 321
203 164 67
651 655 654
161 164 204
191 763 1149
637 231 638
70 252 69
241 772 770
63 64 174
256 399 323
154 326 155
199 253 468
690 540 698
227 2 3
662 255 399
299 235 296
199 252 253
310 459 28
421 79 80
80 420 421
585 1038 1040
180 409 408
265 339 670
81 82 345
422 77 78
172 185 87
420 80 81
346 268 345
98 99 588
174 169 182
86 87 185
85 86 176
184 84 85
20 179 173
715 925 815
10 11 354
552 560 550
301 447 446
199 254 252
417 313 393
176 86 185
133 314 316
195 244 245
378 46 47
133 132 314
1121 858 1122
131 130 317
163 594 593
728 315 729
945 1083 954
316 134 133
186 1212 1128
372 49 371
377 626 380
232 754 752
135 301 136
420 345 347
649 654 640
414 341 343
282 187 281
446 137 136
219 725 274
448 379 381
140 139 448
14 405 13
139 138 379
8 275 272
357 356 189
369 455 503
350 351 425
147 305 148
216 814 815
530 483 427
451 241 305
589 357 189
442 497 498
460 826 529
386 502 453
535 533 536
172 177 588
177 172 88
98 177 89
324 325 257
1051 679 1048
207 576 588
179 20 21
101 575 580
102 242 717
189 356 485
103 242 102
93 277 278
95 285 96
309 387 456
229 357 589
166 550 549
493 280 363
309 157 307
798 796 270
148 450 149
281 226 188
152 327 153
474 258 326
1 225 90
150 149 382
225 224 90
277 226 221
327 475 153
361 3 279
157 309 158
158 456 105
227 361 282
307 157 156
91 226 92
574 570 194
225 2 227
228 286 285
240 656 659
88 172 87
532 535 434
756 494 293
64 181 174
646 643 642
59 337 332
648 372 644
612 607 605
622 617 621
808 806 294
716 850 923
565 578 206
774 502 306
1030 659 658
387 103 104
717 718 575
308 156 155
242 387 602
245 26 27
246 195 202
29 310 28
389 388 457
202 201 246
24 246 201
195 389 390
388 459 310
775 392 1034
393 32 33
315 132 131
661 606 394
603 197 728
315 249 314
320 396 324
631 628 251
253 70 71
254 199 204
466 465 321
509 688 508
204 203 254
68 254 203
666 664 667
465 72 73
422 424 482
421 423 79
400 324 126
257 733 320
554 558 166
308 243 307
151 677 501
584 583 921
510 512 902
636 748 745
330 168 406
831 902 900
263 262 61
214 632 262
62 263 61
182 338 340
634 735 736
819 686 818
338 169 339
633 336 632
412 341 38
341 742 343
1024 857 1013
775 248 312
418 345 82
514 481 516
481 887 889
516 269 895
1312 799 360
368 441 791
272 274 353
351 427 517
275 9 273
274 272 219
352 9 10
595 1128 1212
596 725 1212
271 350 353
9 275 8
275 273 724
428 354 11
750 748 749
226 277 92
278 277 221
278 221 356
358 278 229
4 5 425
222 282 361
363 110 288
349 488 270
282 188 227
281 187 430
282 222 362
281 188 282
283 228 589
287 283 230
284 106 286
283 284 228
229 285 95
228 284 286
97 286 106
96 285 286
283 287 108
230 288 289
696 697 540
280 359 363
230 289 287
110 289 288
292 366 436
471 877 470
1041 723 586
681 257 325
438 120 119
366 292 232
118 117 440
752 755 190
908 809 370
386 455 801
296 298 374
639 295 600
299 53 297
298 296 235
373 53 54
763 191 762
298 235 727
295 371 374
53 299 52
299 297 726
443 375 55
823 821 822
661 134 316
301 237 447
644 372 643
1215 592 238
137 446 380
496 294 369
305 384 450
768 657 766
452 147 146
384 305 241
145 144 454
770 773 193
308 307 156
309 307 243
326 308 155
573 579 258
601 309 243
242 103 387
462 29 30
388 310 247
458 457 247
782 825 196
32 393 463
248 777 504
417 480 416
869 779 1034
315 314 132
316 314 249
317 315 131
729 603 728
249 728 604
301 394 237
395 130 129
317 250 729
395 317 130
318 395 319
128 127 396
318 319 251
251 319 320
319 128 396
469 74 75
321 255 466
663 667 665
478 670 339
482 76 77
662 399 256
400 126 125
320 324 257
401 125 124
472 473 681
153 475 474
308 326 258
677 151 383
578 402 581
404 15 16
477 405 328
1027 858 1025
355 745 354
168 208 406
409 330 261
511 512 510
404 328 403
332 264 335
332 445 500
336 736 335
739 991 988
632 335 264
818 686 821
264 262 632
444 57 500
214 340 633
634 990 735
262 337 60
332 337 264
169 410 339
340 338 265
478 339 161
265 338 339
633 340 265
263 340 214
412 38 39
266 742 341
413 39 40
722 587 413
742 743 635
343 684 415
415 35 36
513 313 417
418 82 83
268 813 345
419 83 84
419 559 346
685 481 515
689 514 516
893 894 895
424 256 323
489 115 114
349 270 441
350 6 353
351 350 271
218 531 675
222 279 426
354 352 10
276 748 750
272 353 7
353 274 271
428 11 12
352 354 276
429 12 13
745 746 636
221 430 356
431 485 430
229 278 357
356 357 278
95 358 229
93 358 94
363 111 110
543 544 542
280 544 490
360 521 543
3 361 227
222 361 279
426 351 517
362 222 483
363 288 493
359 111 363
364 122 436
365 364 290
290 638 471
470 472 401
366 232 751
290 364 436
292 438 437
439 119 118
117 116 495
270 795 441
497 142 141
369 294 455
761 909 863
908 370 522
371 50 374
372 371 295
372 295 639
378 644 302
375 373 54
300 821 823
296 374 51
374 298 295
443 55 56
373 375 300
444 56 57
444 445 524
616 618 237
379 380 732
378 47 648
378 302 592
380 379 138
303 692 379
137 380 138
731 377 618
693 523 692
442 498 522
382 149 450
383 382 304
304 659 656
327 449 259
384 241 769
304 382 450
305 452 451
453 146 145
144 143 503
294 805 455
456 387 104
309 601 602
457 388 247
388 245 459
388 389 245
390 389 311
390 311 505
527 461 390
247 310 391
310 29 462
31 463 312
392 463 393
33 34 480
392 393 313
135 464 301
604 316 249
319 395 129
317 395 318
324 396 127
319 396 320
509 322 688
71 467 253
253 467 508
688 669 398
255 321 399
321 74 469
401 400 125
324 400 325
124 365 401
470 401 365
474 326 154
259 402 475
404 403 15
405 403 328
407 404 16
328 476 260
477 328 260
329 746 429
159 461 527
330 406 526
408 407 17
404 407 331
18 408 17
180 330 409
902 512 210
408 409 331
181 410 169
161 410 211
199 468 668
411 673 670
413 412 39
341 412 342
40 183 413
183 721 722
341 414 37
415 414 343
635 1011 684
416 415 344
415 416 35
417 416 344
417 344 513
393 33 480
419 418 83
345 418 346
84 184 419
560 559 566
345 420 81
421 420 347
515 347 813
423 422 78
78 79 423
424 422 348
423 421 514
422 423 689
348 894 896
323 76 482
350 425 5
425 351 426
425 426 279
351 271 675
519 483 534
517 222 426
429 428 12
354 428 355
13 405 429
484 429 405
281 430 221
486 485 431
187 520 430
520 431 430
349 489 488
113 492 491
521 432 491
112 492 113
435 537 539
690 520 187
288 230 696
223 537 536
292 436 121
436 366 290
438 292 120
494 756 367
439 438 119
437 438 367
440 439 118
368 793 494
440 117 495
439 440 368
796 676 795
368 440 495
369 497 496
141 140 498
444 443 56
375 443 376
57 58 500
524 445 525
335 334 445
525 333 499
301 446 136
380 446 377
618 447 237
446 447 377
379 448 139
498 448 381
152 501 327
656 383 304
305 450 148
450 384 304
452 305 147
502 774 385
453 452 146
451 452 385
454 453 145
386 803 502
454 144 503
453 454 386
806 678 805
386 454 503
105 456 104
309 456 158
391 504 247
389 457 311
824 460 506
457 458 506
245 27 459
28 459 27
505 311 506
826 460 824
159 202 461
195 461 202
312 462 30
310 462 391
32 463 31
392 312 463
134 464 135
394 301 464
321 465 73
467 465 397
466 255 665
465 466 397
72 467 71
508 467 397
508 468 253
668 468 398
323 469 75
321 469 399
471 470 365
472 470 291
290 471 365
231 877 471
291 876 472
325 401 472
812 873 874
680 473 205
153 474 154
258 474 402
259 475 327
474 475 402
404 331 476
409 511 331
477 260 859
477 1027 484
668 478 161
670 478 411
682 479 513
1170 776 1036
416 480 34
393 480 417
515 813 685
481 685 887
422 482 77
323 482 424
1182 530 531
530 534 483
477 484 405
329 429 484
430 485 356
431 697 486
283 486 230
189 485 486
519 187 362
541 540 434
489 349 115
360 799 432
491 489 114
488 489 432
544 543 490
490 433 492
521 491 433
489 491 432
492 112 359
491 492 433
696 493 288
280 493 435
293 1223 756
367 439 494
349 495 116
495 441 368
497 369 142
370 809 442
498 497 141
496 497 442
448 498 140
522 498 381
686 819 897
524 819 444
332 500 58
444 500 445
151 501 152
449 327 501
1310 774 306
385 453 502
369 503 143
503 455 386
248 504 391
196 458 504
311 457 506
507 505 460
458 196 825
460 505 506
526 507 529
406 159 527
508 397 509
508 398 468
466 509 397
663 255 662
260 476 528
476 331 511
261 511 409
511 510 528
511 261 512
526 529 261
682 513 344
313 513 479
515 421 347
889 516 481
481 514 515
421 515 514
269 893 895
689 348 422
427 483 517
222 517 483
1187 1180 1189
1179 1128 1127
690 519 434
362 483 519
690 187 519
431 520 487
543 521 433
432 521 360
381 379 692
442 522 370
522 523 908
522 381 692
525 445 334
524 499 819
525 334 735
499 524 525
406 507 526
507 460 529
505 527 390
406 527 507
511 528 476
905 510 902
210 512 529
529 512 261
531 530 427
530 518 532
675 531 427
1189 1181 218
532 518 538
519 532 434
1176 186 1179
1185 1186 1193
530 532 534
519 534 532
538 535 532
533 1209 536
223 539 537
535 536 541
537 435 545
535 541 434
1192 538 518
535 538 533
544 539 1207
435 539 280
493 696 435
431 487 698
536 537 541
541 537 545
1201 1200 1192
796 800 217
490 543 433
543 542 1312
280 539 544
1207 539 223
696 545 435
541 545 540
615 627 160
170 547 702
42 547 175
43 44 700
571 572 576
577 574 579
553 549 178
554 549 548
552 550 166
171 550 560
166 562 552
816 886 559
166 558 562
560 552 551
178 167 553
576 572 167
557 554 548
558 557 564
557 568 555
573 578 565
556 564 565
839 583 840
569 568 557
564 557 555
557 558 554
844 562 556
184 566 419
816 559 836
559 560 551
560 184 171
921 581 584
842 841 850
556 562 558
562 561 567
572 569 548
575 571 207
565 564 555
558 564 556
573 565 555
921 922 206
560 566 184
559 419 566
562 567 552
561 842 567
569 557 548
718 719 563
553 572 548
563 568 569
574 194 601
568 570 577
207 580 575
563 569 571
167 572 553
569 572 571
577 573 555
573 258 578
243 308 574
308 258 579
717 101 102
571 718 563
588 576 167
571 576 207
568 577 555
574 577 570
258 402 578
581 402 259
577 579 573
308 579 574
99 580 207
101 580 100
584 766 767
206 578 581
1129 1033 866
921 839 922
584 581 259
767 840 583
449 867 259
766 657 582
873 879 205
413 587 342
1040 1038 871
723 743 852
722 413 183
723 587 586
98 588 177
99 207 588
283 589 189
285 589 228
591 593 594
1215 1216 1218
591 46 378
591 590 593
592 302 760
590 591 592
1213 593 590
160 163 593
44 594 163
45 591 594
273 352 750
595 749 1124
1187 1176 1188
596 1189 597
271 274 597
597 274 725
297 373 823
598 822 1146
763 762 599
652 653 650
295 298 600
600 298 727
574 601 243
194 838 602
309 602 387
194 602 601
730 629 614
615 609 611
607 604 608
316 604 606
605 607 608
605 1214 1218
604 607 606
394 606 613
608 604 197
605 1218 1217
610 608 197
610 1214 608
197 611 610
1213 609 160
611 197 603
610 609 1214
623 603 730
615 160 609
192 616 612
613 237 394
607 613 606
613 612 616
614 623 730
699 624 546
611 623 615
627 625 624
616 192 619
613 616 237
617 619 621
693 303 732
619 618 616
618 619 731
1220 1222 192
619 617 731
1219 1216 238
695 622 863
1222 619 192
621 620 622
641 759 758
649 640 642
603 623 611
623 614 625
615 623 625
711 713 631
198 712 614
706 712 713
693 694 239
379 732 303
625 627 615
699 627 624
251 734 631
629 628 198
614 629 198
318 629 250
708 165 702
251 320 734
630 835 714
702 546 705
633 632 214
335 632 336
672 265 670
737 634 736
737 336 633
634 737 741
1012 857 1011
682 683 1024
636 746 1025
748 636 1121
752 637 751
1264 861 862
290 366 638
638 366 751
642 639 234
643 372 639
650 645 649
654 655 640
646 640 647
760 644 758
650 649 642
646 642 640
642 643 639
644 643 641
644 641 758
48 648 47
191 1067 653
909 833 908
655 764 640
643 646 641
1217 1216 1220
641 646 647
372 648 48
378 648 644
650 642 234
654 649 1152
234 652 650
762 652 599
233 806 810
864 761 863
600 652 234
652 762 653
913 914 918
645 650 653
1152 649 645
864 655 651
622 620 655
655 620 764
657 656 240
656 768 868
1030 866 1130
767 766 582
770 658 769
765 1033 1129
304 384 659
659 384 769
267 1019 1131
504 777 196
606 661 316
464 661 394
256 1060 1061
662 200 663
663 200 666
466 665 509
891 893 269
1116 989 854
255 663 665
667 663 666
1063 1004 200
322 674 671
322 509 667
665 667 509
478 668 411
204 668 161
671 669 322
668 669 411
669 671 673
265 672 633
322 667 674
854 790 671
670 673 790
672 790 738
669 673 411
790 673 671
667 664 674
1116 855 1002
675 271 597
427 351 675
1227 1237 1239
791 793 368
868 677 383
501 677 449
1163 1085 970
801 803 386
884 881 874
861 231 637
630 680 205
681 680 257
472 681 325
680 681 473
683 682 344
267 479 682
684 344 415
1011 857 1024
684 343 742
344 684 683
814 685 813
888 887 685
897 333 820
821 686 898
777 660 779
831 900 829
669 688 322
508 688 398
514 689 423
895 689 516
540 690 434
520 690 487
1151 916 865
1151 865 1150
693 692 303
522 692 523
732 694 693
909 693 239
731 694 626
695 617 622
239 694 695
617 695 694
697 696 230
696 540 545
486 697 230
697 431 698
690 698 487
697 698 540
699 160 627
701 546 547
163 700 44
699 546 701
547 700 701
699 701 700
705 707 706
165 704 702
714 711 631
705 708 702
704 165 1038
170 702 704
707 705 546
705 703 708
712 706 625
705 706 703
546 624 707
706 707 624
703 710 708
710 1039 708
710 711 709
1133 835 875
711 710 703
709 1133 710
703 706 713
631 630 714
614 712 625
713 712 198
631 713 198
713 711 703
835 630 205
709 711 714
836 567 716
716 923 836
839 843 844
851 845 846
242 602 838
101 717 575
838 717 242
570 719 194
563 719 570
838 719 718
1130 866 1033
841 842 843
175 721 183
704 721 170
1040 722 585
587 722 586
1040 586 722
723 1141 743
750 724 273
1212 724 595
1212 725 219
597 725 596
823 726 297
763 726 598
727 235 763
600 727 599
604 728 197
315 728 249
317 729 315
730 729 250
729 730 603
629 730 250
694 731 617
377 731 626
380 626 732
694 732 626
680 733 257
734 733 630
733 734 320
631 734 630
525 735 333
736 735 334
335 736 334
737 736 336
633 738 737
740 989 988
672 738 633
213 737 738
892 971 982
269 889 891
740 741 213
991 856 990
213 741 737
990 741 740
743 742 266
684 742 635
743 266 852
1012 743 215
1054 1057 1052
788 1037 781
354 745 276
746 745 355
429 746 355
1025 746 329
777 780 196
1192 518 1190
749 748 220
745 748 276
1124 1125 1028
724 750 595
276 750 352
595 750 749
752 751 232
638 751 637
437 754 232
862 752 190
494 793 293
293 792 1223
367 754 437
754 753 755
754 755 752
1262 753 1227
753 754 756
756 754 367
1223 1226 1227
812 874 881
759 641 647
760 758 238
1220 1219 1221
758 759 1219
592 760 238
644 760 302
761 864 1029
833 909 910
599 727 763
191 653 762
726 763 235
1149 763 598
620 647 764
640 764 647
929 817 927
720 846 848
867 584 259
657 768 656
840 767 582
584 767 583
867 768 766
768 867 868
770 769 241
659 769 658
451 772 241
1031 770 193
502 803 306
803 1310 306
385 772 451
772 771 773
772 773 770
773 771 1082
771 772 774
774 772 385
1034 392 313
777 775 660
1024 1013 267
825 782 687
775 777 248
1036 779 869
785 783 784
779 780 777
779 660 1034
780 779 778
784 780 778
196 780 782
267 1013 1019
781 832 788
782 780 784
783 786 789
778 785 784
786 832 830
778 1036 785
782 784 783
1022 1018 1023
783 785 788
786 829 827
687 827 826
1138 1050 1051
753 756 1223
785 776 1021
1020 870 1037
783 789 782
827 789 786
738 790 213
670 790 672
795 791 441
791 676 794
1231 1242 1235
1205 1208 797
794 793 791
792 293 793
794 676 1242
793 794 792
796 795 270
791 795 676
488 798 270
676 796 217
1205 1312 1204
1192 1200 533
432 798 488
798 797 800
797 798 799
432 799 798
798 800 796
800 797 1208
805 801 455
801 678 804
1098 1110 1107
1102 1099 1097
804 803 801
1310 803 802
804 678 1098
803 804 802
806 805 294
801 805 678
496 808 294
806 233 1108
807 809 833
912 807 833
442 808 496
808 807 810
807 808 809
442 809 808
808 810 806
919 807 912
1132 871 1038
1042 811 1136
876 873 473
1046 1044 875
345 813 347
814 813 268
268 346 886
888 814 216
814 268 886
836 559 551
715 815 816
816 815 886
923 924 925
931 930 890
375 818 300
819 818 376
819 376 444
897 819 499
333 735 990
956 963 964
822 821 236
818 821 300
1146 1147 1065
726 823 598
300 823 373
598 823 822
506 458 825
826 824 687
687 824 825
825 824 506
687 789 827
529 826 210
828 829 830
826 827 900
1037 870 1297
905 260 528
830 829 786
828 1066 829
832 786 783
830 781 1298
831 829 1066
900 902 210
788 832 783
781 830 832
693 909 523
833 691 912
820 333 992
1002 664 1004
835 205 879
709 714 835
816 836 715
567 836 551
964 932 936
925 924 216
719 838 194
717 838 718
843 720 841
565 922 556
846 845 848
839 840 720
846 720 840
842 850 716
567 842 716
843 842 561
844 843 561
839 720 843
562 844 561
844 556 922
942 944 940
1079 923 847
840 582 846
851 846 582
847 850 848
848 939 847
848 845 939
720 848 841
849 851 657
849 765 940
848 850 841
923 850 847
657 851 582
845 851 849
341 852 266
587 852 342
790 854 989
1006 1009 986
674 855 671
664 855 674
664 1002 855
671 855 854
994 995 993
333 856 992
635 743 1012
857 744 1013
484 1027 329
1122 1026 1121
528 510 905
859 904 906
1121 1026 1166
1125 1126 1028
862 861 637
231 880 877
752 862 637
190 1241 1264
695 863 239
864 863 622
655 864 622
1029 864 651
865 1152 1150
1072 653 1067
866 1030 1031
1033 765 849
867 449 868
584 867 766
677 868 449
656 868 383
869 1034 1035
869 1170 1036
870 1118 1120
1298 1302 828
1039 1132 708
1041 1042 872
811 883 1134
1141 1140 215
873 876 874
1046 879 812
291 470 877
291 877 874
1046 882 883
871 1132 1045
472 876 473
291 874 876
880 231 861
882 881 878
878 881 884
885 878 884
812 879 873
835 879 875
757 1047 861
884 880 1047
884 874 877
878 1048 882
883 882 679
812 881 882
1052 1135 679
1044 883 811
877 880 884
884 1047 885
1055 1016 744
882 1048 679
886 346 559
814 886 815
685 814 888
889 887 817
927 216 924
817 887 888
929 931 817
889 269 516
888 927 817
930 966 890
817 891 889
978 893 891
964 963 930
896 894 1060
978 891 890
893 892 894
1145 894 892
348 896 424
894 348 895
689 895 348
894 1145 1060
256 424 896
333 897 499
898 897 820
1115 998 898
898 236 821
1115 992 999
1071 920 1068
826 900 210
829 900 827
1298 1301 1302
747 906 904
903 831 1066
831 903 902
901 904 903
859 907 904
747 904 901
907 260 905
902 903 905
907 903 904
1122 906 747
859 906 858
260 907 859
903 907 905
909 908 523
809 908 833
863 909 239
833 910 691
909 761 910
761 1029 911
691 910 911
761 911 910
914 912 691
810 807 919
918 691 916
970 961 969
691 911 916
917 914 913
653 1072 645
918 915 1154
865 916 911
916 915 918
1108 233 1113
233 810 919
918 914 691
1154 915 1076
914 919 912
919 917 233
191 1068 1067
1069 920 1153
581 921 206
583 839 921
206 922 565
844 922 839
923 837 924
923 715 836
928 924 837
927 888 216
815 925 216
923 925 715
923 1079 837
936 948 935
928 927 924
929 927 926
944 938 937
927 928 926
932 929 926
891 931 890
934 926 928
935 951 956
817 931 891
931 929 932
932 926 936
931 932 930
765 1129 945
934 936 926
938 928 837
948 936 933
933 938 944
983 984 985
933 936 934
935 964 936
940 845 849
938 933 934
928 938 934
1079 938 837
949 939 845
939 937 1079
940 765 942
940 944 949
942 945 941
933 944 947
1032 1129 1031
944 942 941
1081 1082 1080
1099 1100 1097
944 941 947
944 937 949
765 945 942
945 943 1083
1082 1084 1080
935 948 951
954 952 947
933 947 948
947 941 954
957 952 955
939 949 937
940 949 845
957 950 951
950 962 959
952 951 948
956 951 959
952 948 947
952 946 955
953 956 959
971 890 966
945 954 941
946 952 954
1080 967 972
955 946 972
959 951 950
956 953 963
952 957 951
973 957 955
1107 1110 1097
1095 1104 968
973 955 974
962 961 981
834 1074 1075
992 994 999
950 957 973
984 965 976
950 973 969
1087 981 961
982 975 965
930 963 966
964 930 932
956 964 935
975 976 965
987 977 982
953 976 979
966 975 971
1080 946 1083
961 962 969
1096 1095 1161
1102 1101 1114
950 969 962
969 968 970
968 974 1095
1163 1104 1106
971 975 982
978 892 893
1080 972 946
974 972 967
955 972 974
969 973 968
967 1084 1161
968 973 974
979 966 963
975 979 976
953 959 981
953 981 976
965 984 987
977 1010 1062
890 971 978
892 978 971
966 979 975
953 979 963
1087 1085 1086
236 898 998
962 981 959
981 980 985
987 982 965
892 982 977
980 1087 1086
997 1000 1001
985 984 976
983 986 987
981 985 976
1086 1092 1093
1173 1160 1174
1001 1006 997
983 987 984
987 986 1010
989 740 213
1001 988 853
988 989 853
790 989 213
990 634 741
856 333 990
988 991 740
739 856 991
995 994 856
856 994 992
1086 1090 1092
899 1070 1148
995 856 739
1157 999 993
1000 995 739
1000 1160 995
1173 1159 1160
1005 1172 998
739 1001 1000
986 1174 1007
1115 898 820
998 996 1005
993 999 994
996 998 1115
739 988 1001
1160 1000 997
989 1116 853
1008 853 1116
664 666 1004
1007 1006 986
1062 1063 1059
1009 1006 1117
200 1004 666
1004 1003 1117
1157 1088 1156
1073 1078 1089
1001 1008 1006
1006 1008 1117
1174 986 983
997 1006 1007
853 1008 1001
1117 1008 1002
1062 1009 1003
1010 1009 1062
987 1010 977
986 1009 1010
684 1011 683
1012 1011 635
1140 1058 215
744 857 1012
744 1016 1013
1131 1170 1035
1043 1052 1057
788 1021 1020
1017 1013 1016
1017 1014 1018
1144 1055 744
1017 1016 1014
1014 1288 1018
1017 1015 1019
1020 1018 787
1015 1017 1018
1017 1019 1013
1131 1019 1015
1118 1020 787
788 785 1021
1022 1021 776
1018 1020 1023
1022 776 1170
1018 1022 1015
1020 1021 1023
1022 1023 1021
682 1024 267
1011 1024 683
1025 329 1027
1121 1025 858
1267 1277 1120
1121 1166 220
477 859 1027
1027 859 858
1125 749 220
1126 1167 1028
1029 651 1152
911 1029 865
659 1030 240
1031 1030 658
770 1031 658
1032 1031 193
1081 1032 193
943 945 1129
657 1130 849
240 1130 657
775 1034 660
1035 1034 313
313 479 1035
479 267 1131
785 1036 776
779 1036 778
1020 1037 788
1037 1297 1272
704 1038 585
1132 1038 165
1133 1039 710
1133 1044 1039
1042 871 811
1041 1040 1042
1041 872 1141
586 1040 1041
871 1042 1040
811 1134 1136
1137 1139 1138
1142 1136 1043
811 871 1045
875 879 1046
1039 1044 1045
811 1045 1044
882 1046 812
883 1044 1046
861 1047 880
1171 1047 757
878 885 1048
1047 1171 885
1228 1237 1227
1014 1016 1314
1050 1054 1052
1051 1052 679
1138 1048 885
1052 1051 1050
1054 1056 1295
1052 1043 1135
1055 1314 1016
744 1012 1144
1056 1054 1050
1054 1053 1057
1291 1293 1290
1285 1290 1273
1050 1138 1139
1293 1049 1294
1058 1144 215
1143 1140 1057
1057 1053 1143
1143 1055 1058
977 1062 1064
200 662 1061
1061 1060 1059
256 896 1060
200 1061 1059
256 1061 662
1063 1062 1003
1062 1059 1064
1004 1063 1003
1059 1063 200
1145 1064 1059
977 1064 892
1147 822 236
1068 1070 1071
1302 1066 828
903 1066 901
191 1149 1068
920 1069 1072
1070 1068 1065
920 1067 1068
1074 1076 1153
1150 1069 1151
1148 1070 1065
1070 899 1071
1078 1075 1071
1074 1071 1075
920 1072 1067
645 1072 1069
1073 1075 1078
1106 1112 1163
1076 1074 834
920 1071 1074
1078 1071 899
1075 1073 1164
918 1077 913
1076 915 1151
1076 834 1155
1165 1073 1091
1005 1158 899
1090 1091 1088
939 1079 847
938 1079 937
1081 943 1032
1081 193 1082
193 773 1082
1081 1080 1083
1082 1109 1100
1080 1084 967
1083 946 954
1081 1083 943
1100 1084 1082
1161 1084 958
1085 960 1086
961 970 1085
1086 960 1090
1093 985 980
981 1087 980
1085 1087 961
1091 1089 1088
996 1156 1005
1078 1158 1089
1089 1158 1156
1090 960 1091
1092 1090 1088
1112 1091 960
1073 1089 1091
1159 1092 1088
983 985 1093
1086 1093 980
1093 1092 1173
1096 1094 1095
1311 1105 1111
974 967 1161
1104 1095 1094
1100 1099 958
1096 958 1099
802 804 1098
1101 1103 913
678 1108 1098
1103 233 917
958 1084 1100
1097 1110 1102
1109 1082 771
1107 1100 802
1162 913 1077
1099 1102 1096
1114 1101 1162
1094 1096 1102
913 1103 917
1101 1110 1113
1106 1104 1094
968 1104 970
1102 1114 1094
1105 1164 1112
1111 1106 1094
1106 1105 1112
1100 1107 1097
802 1098 1107
806 1108 678
1113 233 1103
771 774 1310
1100 1109 1310
1098 1108 1113
1102 1110 1101
1311 1077 1155
1111 1105 1106
1163 1112 960
1311 1164 1105
1101 1113 1103
1098 1113 1110
1162 1101 913
1094 1114 1111
992 1115 820
996 1115 999
855 1116 854
1008 1116 1002
1004 1117 1002
1009 1117 1003
1289 1120 1287
870 1020 1118
1294 1234 1261
1206 1211 217
1287 1118 787
1275 1276 1281
748 1121 220
1121 636 1025
906 1122 858
1306 1122 747
1306 1305 1026
1246 1256 1119
1125 1124 749
1128 1124 1028
1166 1125 220
1126 1125 1123
1284 1126 1123
1126 860 1167
1167 1177 1127
531 218 1181
1124 1128 595
1128 1028 1167
1031 1129 866
943 1129 1032
1130 240 1030
849 1130 1033
1131 1015 1022
479 1131 1035
708 1132 165
1045 1132 1039
835 1133 709
1044 1133 875
1135 883 679
1136 1134 1043
1043 1134 1135
883 1135 1134
1142 1043 1057
1042 1136 872
190 1239 1241
1056 1139 1049
1048 1138 1051
1171 1138 885
1139 1056 1050
1241 1263 1137
215 743 1141
1142 872 1136
1041 1141 723
1142 1141 872
1057 1140 1142
1142 1140 1141
1143 1053 1292
1140 1143 1058
215 1144 1012
1055 1144 1058
1064 1145 892
1060 1145 1059
1147 1146 822
1149 1146 1065
1172 236 998
1148 1005 899
1065 1147 1148
1148 1147 1172
1146 1149 598
1068 1149 1065
865 1029 1152
645 1069 1150
1151 1069 1153
1151 915 916
654 1152 651
645 1150 1152
1074 1153 920
1151 1153 1076
1155 1154 1076
918 1154 1077
834 1164 1311
1154 1155 1077
1157 1156 996
1089 1156 1088
999 1157 996
1157 993 1159
899 1158 1078
1156 1158 1005
1157 1159 1088
1159 993 1160
995 1160 993
997 1174 1160
1096 1161 958
974 1161 1095
1311 1162 1077
1114 1162 1111
1085 1163 960
1163 970 1104
1075 1164 834
1165 1164 1073
1091 1112 1165
1164 1165 1112
1305 1166 1026
1125 1166 1123
1177 1167 860
1128 1167 1127
1250 1243 1248
1223 792 1226
1183 1176 1179
1185 1178 1186
1035 1170 869
1022 1170 1131
1241 1171 757
1138 1171 1137
1148 1172 1005
236 1172 1147
1093 1173 983
1159 1173 1092
1007 1174 997
1173 1174 983
1276 1283 1284
1203 1178 1175
1177 1178 1183
1185 1188 1176
1284 860 1126
1177 1175 1178
1203 1175 1260
1188 1185 1169
1128 1179 186
1183 1179 1127
1180 1190 1181
597 1189 218
1180 1188 1190
1182 1181 1190
530 1182 518
531 1181 1182
1177 1183 1127
1185 1183 1178
1254 1210 1259
1197 1204 1207
1183 1185 1176
1178 1203 1186
1194 1195 1198
1169 1191 1190
1212 1187 596
1176 1187 186
1190 1188 1169
1187 1188 1180
1187 1189 596
1181 1189 1180
1169 1193 1191
1182 1190 518
1191 1186 1195
1192 533 538
1190 1191 1192
1191 1195 1201
1185 1193 1169
1186 1191 1193
1199 1198 1195
1312 360 543
1198 1199 1196
1194 1202 1195
1254 1259 1168
1206 1205 1194
1197 1202 1204
536 1209 223
1199 1195 1186
1198 1196 1206
1186 1184 1199
1259 1199 1184
1201 1192 1191
1209 1200 1197
1202 1201 1195
1200 1201 1197
1204 1202 1194
1201 1202 1197
1260 1175 1255
1186 1203 1184
1205 1204 1194
1207 1204 542
1198 1206 1194
797 799 1312
1211 1206 1196
217 800 1208
544 1207 542
1207 223 1209
1205 1206 1208
1208 1206 217
1200 1209 533
1207 1209 1197
1248 1243 1245
1210 1230 1235
1211 1196 1259
217 1211 1210
1212 186 1187
724 1212 219
593 1213 160
1214 1213 590
1215 1214 590
605 608 1214
592 1215 590
1215 238 1216
238 758 1219
612 1217 192
605 1217 612
1220 1216 1219
1215 1218 1214
1217 1218 1216
1221 759 647
1217 1220 192
1219 759 1221
621 1222 620
647 620 1221
1222 1221 620
1222 621 619
1221 1222 1220
1230 1258 1229
1223 1227 753
1274 1244 1246
1236 1228 1224
1225 1231 1230
1262 755 753
1226 792 1231
1227 1226 1225
1229 1228 1225
1225 1228 1227
1244 1232 1236
1139 1234 1049
1230 1229 1225
1224 1228 1229
1225 1226 1231
1253 1247 1254
1242 792 794
1242 217 1235
1267 1289 1119
1137 1234 1139
1238 1237 1228
1137 1171 1241
1240 1233 1238
1240 1313 1234
1210 1235 217
1230 1231 1235
1245 1244 1236
1237 1238 1233
1238 1228 1236
1239 1237 1233
1236 1232 1238
1240 1234 1263
1241 1239 1233
190 755 1262
1232 1313 1238
1240 1238 1313
1241 1233 1263
1241 757 1264
1242 1231 792
217 1242 676
1224 1248 1245
1255 1249 1251
1245 1236 1224
1246 1244 1243
1258 1248 1224
1243 1244 1245
1256 1250 1252
1289 1269 1119
1258 1224 1229
1257 1210 1254
1254 1247 1257
1250 1248 1253
1283 1177 860
1246 1243 1256
1247 1253 1248
1250 1249 1252
1255 1251 1168
1249 1250 1251
1265 1270 1281
1119 1252 1266
1168 1251 1253
1253 1251 1250
1210 1211 1259
1168 1253 1254
1260 1255 1168
1255 1175 1282
1250 1256 1243
1119 1256 1252
1247 1248 1258
1210 1257 1230
1230 1257 1258
1247 1258 1257
1199 1259 1196
1260 1259 1184
1259 1260 1168
1203 1260 1184
1246 1119 1269
1273 1290 1261
1227 1239 1262
1262 1239 190
1240 1263 1233
1137 1263 1234
861 1264 757
190 1264 862
1303 1304 1296
1266 1277 1267
1252 1270 1266
1297 1120 1277
1287 1286 1268
1119 1266 1267
1279 1286 1288
1269 1280 1274
1273 1269 1268
1269 1273 1280
1275 1270 1252
1277 1278 1271
1266 1278 1277
1265 1304 1303
1303 1309 1300
830 1298 828
1285 1273 1268
1280 1273 1261
1244 1274 1232
1246 1269 1274
1252 1249 1275
1275 1249 1276
1249 1255 1282
860 1284 1283
1278 1266 1270
1277 1271 1297
1270 1265 1278
1301 1308 1299
1268 1286 1285
1291 1290 1279
1313 1280 1261
1274 1280 1232
1275 1281 1270
1284 1281 1276
1283 1175 1177
1249 1282 1276
1276 1282 1283
1283 1282 1175
1306 1026 1122
1281 1284 1265
1287 1268 1289
1290 1285 1279
1288 1286 787
1279 1285 1286
1118 1287 1120
787 1286 1287
1018 1288 787
1288 1014 1314
1289 1268 1269
1120 1289 1267
1279 1314 1291
1294 1290 1293
1055 1292 1291
1049 1293 1056
1143 1292 1055
1292 1295 1293
1291 1292 1293
1292 1053 1295
1234 1294 1049
1261 1290 1294
1054 1295 1053
1056 1293 1295
901 1302 1307
1278 1300 1271
1297 870 1120
1308 1297 1271
781 1272 1298
1298 1272 1301
1308 1271 1300
1307 1309 1306
1278 1265 1300
1303 1300 1265
1297 1308 1272
1302 1301 1299
1309 1307 1299
1066 1302 901
1304 1265 1284
1303 1296 1309
1284 1123 1304
1123 1166 1305
1296 1304 1305
1123 1305 1304
1306 747 1307
1296 1305 1306
901 1307 747
1299 1307 1302
1299 1308 1300
1272 1308 1301
1309 1299 1300
1306 1309 1296
1100 1310 802
1310 1109 771
1311 1111 1162
834 1311 1155
1204 1312 542
1312 1205 797
1280 1313 1232
1234 1313 1261
1291 1314 1055
1288 1314 1279