35 36 108
82 42 83
41 88 89
35 108 124
41 87 88
88 81 89
42 82 84
89 81 107
83 42 113
83 54 114
54 110 114
55 89 107
107 81 119
84 82 95
54 83 113
49 107 119
51 85 86
95 57 106
51 86 109
85 51 90
49 15 112
109 86 129
84 95 106
87 74 88
46 27 103
108 36 115
33 52 56
96 46 103
85 90 99
74 73 88
82 63 95
90 46 99
86 74 87
80 82 83
80 63 82
44 30 91
51 25 90
50 7 92
72 73 74
46 96 99
33 34 52
73 81 88
72 71 73
44 91 102
48 56 57
48 32 56
85 74 86
30 31 91
73 78 81
24 25 51
14 15 49
6 7 50
75 63 80
43 13 93
27 28 103
61 59 63
32 33 56
69 79 94
14 49 93
25 26 90
73 71 78
31 32 48
26 46 90
70 71 72
7 8 92
8 45 92
63 59 95
96 70 99
70 69 71
59 57 95
57 56 106
31 48 91
28 29 105
61 63 75
68 69 70
13 14 93
68 70 96
48 57 58
72 74 85
10 47 97
9 10 97
26 27 46
10 11 47
45 9 97
8 9 45
47 11 98
11 12 98
29 30 44
12 13 43
12 43 98
69 67 79
58 57 59
68 67 69
71 69 94
77 68 96
66 68 77
67 65 100
44 102 104
66 67 68
66 65 67
79 67 100
65 76 100
64 65 66
65 62 76
60 59 61
104 77 105
70 72 99
60 62 64
64 62 65
60 61 62
78 71 94
107 49 112
58 59 60
76 62 101
62 61 101
61 75 101
48 58 91
66 77 104
58 60 102
103 28 105
91 58 102
72 85 99
77 96 103
56 52 106
44 104 105
60 64 102
53 109 129
29 44 105
64 66 104
102 64 104
17 18 55
21 22 53
39 40 54
19 20 41
37 38 42
4 35 124
23 24 109
5 6 110
34 4 124
77 103 105
89 55 125
41 89 125
87 41 111
55 107 112
84 106 108
106 52 108
24 51 109
6 50 110
21 53 111
41 20 111
108 52 124
39 54 113
42 38 113
20 21 111
36 37 115
15 16 112
42 84 115
16 2 127
1 5 128
3 23 126
55 18 125
19 41 125
22 3 126
2 17 127
40 1 128
120 94 121
38 39 113
43 120 121
80 83 114
50 92 116
119 78 120
23 109 126
5 110 128
81 78 119
80 114 116
92 45 117
114 50 116
98 121 123
78 94 120
75 80 116
45 97 118
37 42 115
97 47 122
118 97 122
98 43 121
47 98 123
122 47 123
117 45 118
116 92 117
84 108 115
109 53 126
110 54 128
94 79 121
101 75 117
75 116 117
43 93 120
93 49 119
93 119 120
121 79 123
101 117 118
110 50 114
76 101 118
76 118 122
52 34 124
100 76 122
100 122 123
79 100 123
86 87 129
18 19 125
17 55 127
53 22 126
54 40 128
111 53 129
87 111 129
55 112 127
112 16 127