5.0 2.0
1.0 2.0
4.899999999692493 2.0
4.799999999393659 2.0
4.699999999910147 2.0
4.599999999871521 2.0
4.500000000197189 2.0
4.400000000065322 2.0
4.299999999887921 2.0
4.199999999662813 2.0
4.099999999416021 2.0
3.99999999873555 2.0
3.899999999085069 2.0
3.799999998612763 2.0
3.699999998426687 2.0
3.599999998004255 2.0
3.499999997610011 2.0
3.399999996938213 2.0
3.299999996713105 2.0
3.199999996206105 2.0
3.099999995933293 2.0
2.999999995595429 2.0
2.899999995734613 2.0
2.799999996105817 2.0
2.699999996266686 2.0
2.599999996627046 2.0
2.499999996887661 2.0
2.39999999715695 2.0
2.299999997300471 2.0
2.199999997476519 2.0
2.099999997628714 2.0
1.999999997746213 2.0
1.899999997833357 2.0
1.79999999847019 2.0
1.6999999987449 2.0
1.599999998513287 2.0
1.499999999298657 2.0
1.39999999948121 2.0
1.299999999759171 2.0
1.200000000188921 2.0
1.099999999913939 2.0