0.0 0.0
4.0 0.0
4.0 2.0
0.0 2.0
0.04166666670971701 0.0
0.0833333334150093 0.0
0.1250000001130736 0.0
0.1666666668192693 0.0
0.2083333335128161 0.0
0.2500000002099769 0.0
0.2916666669342427 0.0
0.3333333336639295 0.0
0.3750000003827743 0.0
0.4166666671016191 0.0
0.4583333338313059 0.0
0.5000000005501507 0.0
0.5416666672689955 0.0
0.5833333339950684 0.0
0.6250000007066853 0.0
0.6666666674761261 0.0
0.7083333341877429 0.0
0.7500000009174296 0.0
0.7916666676435025 0.0
0.8333333343515054 0.0
0.8750000010739643 0.0
0.9166666678578616 0.0
0.9583333346020041 0.0
1.000000001349761 0.0
1.041666668195096 0.0
1.083333335004292 0.0
1.125000001755663 0.0
1.166666668550402 0.0
1.208333335309 0.0
1.250000001944723 0.0
1.2916666686202 0.0
1.333333335398676 0.0
1.375000002117521 0.0
1.416666668850822 0.0
1.458333335613035 0.0
1.500000002480054 0.0
1.541666669224197 0.0
1.583333335961112 0.0
1.625000002701641 0.0
1.666666669315679 0.0
1.708333335980314 0.0
1.750000002825649 0.0
1.791666669642073 0.0
1.833333336509091 0.0
1.875000003253235 0.0
1.916666669982921 0.0
1.958333336755976 0.0
2.000000003501926 0.0
2.041666669964176 0.0
2.083333336357761 0.0
2.125000002910362 0.0
2.166666669549698 0.0
2.208333336127597 0.0
2.250000002622374 0.0
2.291666669120764 0.0
2.333333335622769 0.0
2.375000002106704 0.0
2.416666668568953 0.0
2.458333335146852 0.0
2.500000001580191 0.0
2.541666668121949 0.0
2.583333334743215 0.0
2.625000001227149 0.0
2.666666667552067 0.0
2.708333333985404 0.0
2.750000000429584 0.0
2.791666666899063 0.0
2.833333333420945 0.0
2.87499999994102 0.0
2.916666666766478 0.0
2.958333333411237 0.0
2.999999999869871 0.0
3.041666666368262 0.0
3.083333332866652 0.0
3.124999999365043 0.0
3.166666665933906 0.0
3.208333332481085 0.0
3.24999999910958 0.0
3.291666665640495 0.0
3.333333332373796 0.0
3.374999999157693 0.0
3.416666665825941 0.0
3.45833333256647 0.0
3.499999999146174 0.0
3.541666665687934 0.0
3.583333332453761 0.0
3.624999999161764 0.0
3.666666665869767 0.0
3.708333332733172 0.0
3.749999999405036 0.0
3.791666666268441 0.0
3.833333333041496 0.0
3.87499999971336 0.0
3.916666666500872 0.0
3.958333333198033 0.0
4.0 0.04166666671190925
4.0 0.08333333341844391
4.0 0.1250000001182023
4.0 0.1666666668495832
4.0 0.2083333335728326
4.0 0.250000000301503
4.0 0.2916666670229455
4.0 0.3333333337534229
4.0 0.3750000004549884
4.0 0.4166666671764309
4.0 0.4583333339213642
4.0 0.5000000006843678
4.0 0.5416666675160375
4.0 0.583333334293497
4.0 0.6250000010059045
4.0 0.666666667723733
4.0 0.7083333344162634
4.0 0.7500000011864952
4.0 0.7916666679856387
4.0 0.833333334640222
4.0 0.8750000013996118
4.0 0.9166666682421234
4.0 0.958333334983443
4.0 1.000000001748254
4.0 1.041666668191418
4.0 1.08333333479179
4.0 1.125000001348796
4.0 1.166666667855205
4.0 1.208333334358
4.0 1.250000000857181
4.0 1.291666667405152
4.0 1.333333333716404
4.0 1.375000000121621
4.0 1.41666666673645
4.0 1.458333333372963
4.0 1.499999999911898
4.0 1.541666666414692
4.0 1.583333332957241
4.0 1.624999999555807
4.0 1.666666666148952
4.0 1.708333332969779
4.0 1.749999999617135
4.0 1.791666666275332
4.0 1.833333332940757
4.0 1.874999999700147
4.0 1.916666666484834
4.0 1.958333333251452
3.958333333202311 2.0
3.916666666498587 2.0
3.874999999650302 2.0
3.833333333098366 2.0
3.79166666654643 2.0
3.749999999929442 2.0
3.708333333225718 2.0
3.666666666587045 2.0
3.624999999861637 2.0
3.583333333129 2.0
3.541666666259031 2.0
3.499999999533623 2.0
3.458333332772074 2.0
3.41666666606835 2.0
3.374999999227294 2.0
3.333333332462131 2.0
3.291666665743951 2.0
3.249999998975174 2.0
3.208333332191942 2.0
3.166666665408709 2.0
3.124999998603792 2.0
3.083333331835016 2.0
3.041666664878311 2.0
2.999999998037254 2.0
2.958333331228724 2.0
2.916666664391281 2.0
2.874999997579137 2.0
2.833333330564608 2.0
2.791666663687411 2.0
2.749999997034283 2.0
2.708333330290805 2.0
2.666666663417222 2.0
2.624999996532797 2.0
2.583333329655601 2.0
2.54166666286514 2.0
2.499999996134311 2.0
2.458333329383604 2.0
2.41666666262567 2.0
2.374999996001454 2.0
2.333333329449518 2.0
2.291666662745793 2.0
2.2499999959987 2.0
2.208333329215468 2.0
2.166666662352728 2.0
2.124999995583951 2.0
2.083333328699527 2.0
2.041666661945206 2.0
1.99999999515836 2.0
1.958333328631721 2.0
1.916666662130381 2.0
1.874999995502551 2.0
1.833333329066263 2.0
1.791666662579379 2.0
1.749999996123214 2.0
1.708333329558629 2.0
1.666666662977781 2.0
1.624999996440301 2.0
1.583333329855839 2.0
1.541666663246078 2.0
1.499999996589336 2.0
1.458333330064504 2.0
1.416666663498112 2.0
1.374999996982315 2.0
1.333333330408696 2.0
1.2916666638929 2.0
1.249999997307534 2.0
1.208333330668861 2.0
1.166666663992242 2.0
1.124999997532463 2.0
1.083333330906439 2.0
1.041666664354503 2.0
0.9999999977248658 2.0
0.9583333311657027 2.0
0.9166666645270299 2.0
0.8749999980392418 2.0
0.8333333315270605 2.0
0.791666665130075 2.0
0.7499999985257366 2.0
0.7083333321002898 2.0
0.6666666653857236 2.0
0.6249999986314032 2.0
0.5833333320469409 2.0
0.5416666655636717 2.0
0.4999999991273849 2.0
0.4583333326034569 2.0
0.4166666660208027 2.0
0.3749999996586022 2.0
0.3333333329855959 2.0
0.2916666662886493 2.0
0.2499999997032847 2.0
0.2083333333754156 2.0
0.1666666666111565 2.0
0.1249999999688705 2.0
0.08333333335098092 2.0
0.04166666681485487 2.0
0.0 1.958333333251452
0.0 1.916666666484834
0.0 1.874999999700147
0.0 1.833333332940757
0.0 1.791666666275332
0.0 1.749999999617135
0.0 1.708333332969779
0.0 1.666666666148952
0.0 1.624999999555807
0.0 1.583333332957241
0.0 1.541666666414692
0.0 1.499999999911898
0.0 1.458333333372963
0.0 1.41666666673645
0.0 1.375000000121621
0.0 1.333333333716404
0.0 1.291666667405152
0.0 1.250000000857181
0.0 1.208333334358
0.0 1.166666667855205
0.0 1.125000001348796
0.0 1.08333333479179
0.0 1.041666668191418
0.0 1.000000001748254
0.0 0.958333334983443
0.0 0.9166666682421234
0.0 0.8750000013996118
0.0 0.833333334640222
0.0 0.7916666679856387
0.0 0.7500000011864952
0.0 0.7083333344162634
0.0 0.666666667723733
0.0 0.6250000010059045
0.0 0.583333334293497
0.0 0.5416666675160375
0.0 0.5000000006843678
0.0 0.4583333339213642
0.0 0.4166666671764309
0.0 0.3750000004549884
0.0 0.3333333337534229
0.0 0.2916666670229455
0.0 0.250000000301503
0.0 0.2083333335728326
0.0 0.1666666668495832
0.0 0.1250000001182023
0.0 0.08333333341844391
0.0 0.04166666671190925