0.0 0.0
4.0 0.0
0.04166666670971701 0.0
0.0833333334150093 0.0
0.1250000001130736 0.0
0.1666666668192693 0.0
0.2083333335128161 0.0
0.2500000002099769 0.0
0.2916666669342427 0.0
0.3333333336639295 0.0
0.3750000003827743 0.0
0.4166666671016191 0.0
0.4583333338313059 0.0
0.5000000005501507 0.0
0.5416666672689955 0.0
0.5833333339950684 0.0
0.6250000007066853 0.0
0.6666666674761261 0.0
0.7083333341877429 0.0
0.7500000009174296 0.0
0.7916666676435025 0.0
0.8333333343515054 0.0
0.8750000010739643 0.0
0.9166666678578616 0.0
0.9583333346020041 0.0
1.000000001349761 0.0
1.041666668195096 0.0
1.083333335004292 0.0
1.125000001755663 0.0
1.166666668550402 0.0
1.208333335309 0.0
1.250000001944723 0.0
1.2916666686202 0.0
1.333333335398676 0.0
1.375000002117521 0.0
1.416666668850822 0.0
1.458333335613035 0.0
1.500000002480054 0.0
1.541666669224197 0.0
1.583333335961112 0.0
1.625000002701641 0.0
1.666666669315679 0.0
1.708333335980314 0.0
1.750000002825649 0.0
1.791666669642073 0.0
1.833333336509091 0.0
1.875000003253235 0.0
1.916666669982921 0.0
1.958333336755976 0.0
2.000000003501926 0.0
2.041666669964176 0.0
2.083333336357761 0.0
2.125000002910362 0.0
2.166666669549698 0.0
2.208333336127597 0.0
2.250000002622374 0.0
2.291666669120764 0.0
2.333333335622769 0.0
2.375000002106704 0.0
2.416666668568953 0.0
2.458333335146852 0.0
2.500000001580191 0.0
2.541666668121949 0.0
2.583333334743215 0.0
2.625000001227149 0.0
2.666666667552067 0.0
2.708333333985404 0.0
2.750000000429584 0.0
2.791666666899063 0.0
2.833333333420945 0.0
2.87499999994102 0.0
2.916666666766478 0.0
2.958333333411237 0.0
2.999999999869871 0.0
3.041666666368262 0.0
3.083333332866652 0.0
3.124999999365043 0.0
3.166666665933906 0.0
3.208333332481085 0.0
3.24999999910958 0.0
3.291666665640495 0.0
3.333333332373796 0.0
3.374999999157693 0.0
3.416666665825941 0.0
3.45833333256647 0.0
3.499999999146174 0.0
3.541666665687934 0.0
3.583333332453761 0.0
3.624999999161764 0.0
3.666666665869767 0.0
3.708333332733172 0.0
3.749999999405036 0.0
3.791666666268441 0.0
3.833333333041496 0.0
3.87499999971336 0.0
3.916666666500872 0.0
3.958333333198033 0.0