4.0 2.0
0.0 2.0
3.958333333202311 2.0
3.916666666498587 2.0
3.874999999650302 2.0
3.833333333098366 2.0
3.79166666654643 2.0
3.749999999929442 2.0
3.708333333225718 2.0
3.666666666587045 2.0
3.624999999861637 2.0
3.583333333129 2.0
3.541666666259031 2.0
3.499999999533623 2.0
3.458333332772074 2.0
3.41666666606835 2.0
3.374999999227294 2.0
3.333333332462131 2.0
3.291666665743951 2.0
3.249999998975174 2.0
3.208333332191942 2.0
3.166666665408709 2.0
3.124999998603792 2.0
3.083333331835016 2.0
3.041666664878311 2.0
2.999999998037254 2.0
2.958333331228724 2.0
2.916666664391281 2.0
2.874999997579137 2.0
2.833333330564608 2.0
2.791666663687411 2.0
2.749999997034283 2.0
2.708333330290805 2.0
2.666666663417222 2.0
2.624999996532797 2.0
2.583333329655601 2.0
2.54166666286514 2.0
2.499999996134311 2.0
2.458333329383604 2.0
2.41666666262567 2.0
2.374999996001454 2.0
2.333333329449518 2.0
2.291666662745793 2.0
2.2499999959987 2.0
2.208333329215468 2.0
2.166666662352728 2.0
2.124999995583951 2.0
2.083333328699527 2.0
2.041666661945206 2.0
1.99999999515836 2.0
1.958333328631721 2.0
1.916666662130381 2.0
1.874999995502551 2.0
1.833333329066263 2.0
1.791666662579379 2.0
1.749999996123214 2.0
1.708333329558629 2.0
1.666666662977781 2.0
1.624999996440301 2.0
1.583333329855839 2.0
1.541666663246078 2.0
1.499999996589336 2.0
1.458333330064504 2.0
1.416666663498112 2.0
1.374999996982315 2.0
1.333333330408696 2.0
1.2916666638929 2.0
1.249999997307534 2.0
1.208333330668861 2.0
1.166666663992242 2.0
1.124999997532463 2.0
1.083333330906439 2.0
1.041666664354503 2.0
0.9999999977248658 2.0
0.9583333311657027 2.0
0.9166666645270299 2.0
0.8749999980392418 2.0
0.8333333315270605 2.0
0.791666665130075 2.0
0.7499999985257366 2.0
0.7083333321002898 2.0
0.6666666653857236 2.0
0.6249999986314032 2.0
0.5833333320469409 2.0
0.5416666655636717 2.0
0.4999999991273849 2.0
0.4583333326034569 2.0
0.4166666660208027 2.0
0.3749999996586022 2.0
0.3333333329855959 2.0
0.2916666662886493 2.0
0.2499999997032847 2.0
0.2083333333754156 2.0
0.1666666666111565 2.0
0.1249999999688705 2.0
0.08333333335098092 2.0
0.04166666681485487 2.0