0.0 1.958333333251452
0.0 1.916666666484834
0.0 1.874999999700147
0.0 1.833333332940757
0.0 1.791666666275332
0.0 1.749999999617135
0.0 1.708333332969779
0.0 1.666666666148952
0.0 1.624999999555807
0.0 1.583333332957241
0.0 1.541666666414692
0.0 1.499999999911898
0.0 1.458333333372963
0.0 1.41666666673645
0.0 1.375000000121621
0.0 1.333333333716404
0.0 1.291666667405152
0.0 1.250000000857181
0.0 1.208333334358
0.0 1.166666667855205
0.0 1.125000001348796
0.0 1.08333333479179
0.0 1.041666668191418
0.0 1.000000001748254
0.0 0.958333334983443
0.0 0.9166666682421234
0.0 0.8750000013996118
0.0 0.833333334640222
0.0 0.7916666679856387
0.0 0.7500000011864952
0.0 0.7083333344162634
0.0 0.666666667723733
0.0 0.6250000010059045
0.0 0.583333334293497
0.0 0.5416666675160375
0.0 0.5000000006843678
0.0 0.4583333339213642
0.0 0.4166666671764309
0.0 0.3750000004549884
0.0 0.3333333337534229
0.0 0.2916666670229455
0.0 0.250000000301503
0.0 0.2083333335728326
0.0 0.1666666668495832
0.0 0.1250000001182023
0.0 0.08333333341844391
0.0 0.04166666671190925