593 142 599
595 149 597
142 593 600
136 607 716
134 108 636
483 770 771
770 157 926
631 695 900
594 155 954
603 140 604
155 594 949
802 729 930
770 483 927
584 772 927
624 432 625
695 397 900
148 591 720
157 770 927
752 468 753
600 638 958
647 600 958
149 595 618
607 136 717
33 34 726
432 624 626
647 127 928
397 642 900
159 967 998
613 123 934
591 148 942
163 401 611
579 578 911
607 608 716
621 134 636
145 614 634
168 166 637
642 397 932
468 752 940
108 109 636
911 578 959
406 802 930
140 603 648
662 939 967
128 623 706
159 616 967
939 601 967
643 642 932
418 394 638
643 932 945
150 609 719
626 585 937
960 589 971
119 960 971
604 140 605
789 775 918
954 18 979
152 735 806
967 601 998
139 33 726
772 584 966
775 789 985
597 149 670
600 647 928
602 954 979
162 163 611
810 938 968
637 626 937
545 662 663
27 28 650
610 117 923
152 806 987
618 588 908
123 722 934
752 590 940
765 946 956
143 27 650
772 157 927
348 168 637
590 752 987
7 135 162
162 135 163
609 150 943
662 545 939
649 128 706
432 164 625
938 129 968
166 432 637
593 418 638
394 396 638
634 614 944
164 135 625
599 142 950
622 139 725
614 145 635
608 715 716
725 139 726
618 908 982
644 146 657
726 34 999
946 549 956
669 957 973
121 640 641
117 610 935
629 628 632
628 127 647
611 401 922
635 551 984
551 635 963
121 639 640
789 579 985
161 770 926
160 774 925
595 472 618
472 588 618
641 644 657
612 138 966
138 612 975
729 802 981
600 593 638
121 641 657
806 590 987
148 721 942
957 587 973
602 594 954
627 628 629
623 128 972
142 600 928
603 606 648
503 789 918
632 628 633
59 60 718
144 43 627
617 605 993
144 627 629
123 613 988
709 120 710
644 744 1006
744 644 996
617 158 994
121 41 639
620 589 951
605 617 994
710 155 949
6 7 162
717 136 718
642 640 900
41 42 639
434 725 726
739 143 995
12 145 634
942 721 988
925 774 1008
715 608 924
951 589 960
578 717 959
555 746 747
86 87 670
163 135 164
624 126 997
626 624 997
135 8 625
136 59 718
60 153 718
548 732 952
143 739 961
126 634 944
432 626 637
434 726 727
871 500 916
648 606 941
806 735 933
9 624 625
641 640 642
146 620 951
652 409 870
146 644 1006
155 710 1005
348 645 655
172 170 655
170 348 655
43 44 627
559 653 654
559 558 653
10 126 624
563 652 870
113 140 648
42 144 639
87 122 670
149 86 670
635 145 912
112 113 648
559 654 830
11 12 634
134 621 946
753 468 969
633 628 647
144 629 630
656 561 835
697 698 896
658 241 705
566 658 705
478 561 656
46 142 928
739 915 948
652 874 878
874 651 878
172 655 892
615 124 981
217 767 877
654 767 830
174 172 892
671 434 727
146 39 657
342 871 916
411 484 675
139 622 929
150 713 943
409 653 870
665 664 902
561 693 781
693 199 781
651 344 878
163 164 165
619 97 975
561 781 835
478 656 673
676 315 882
652 563 874
673 562 674
767 654 877
653 558 870
48 159 950
703 540 886
821 206 883
656 562 673
641 642 643
97 619 983
698 195 896
675 676 882
675 484 676
127 45 928
664 209 902
494 677 899
562 411 675
241 658 881
665 565 690
778 201 869
410 687 688
410 688 792
665 690 764
684 687 832
39 40 657
702 703 886
540 885 886
572 559 830
604 605 922
235 253 680
821 572 830
659 254 868
187 241 881
732 131 952
144 630 639
660 438 867
616 51 661
253 666 680
687 410 832
249 891 903
55 130 669
490 659 868
690 381 764
630 629 631
412 700 842
700 699 842
232 235 680
312 315 879
745 660 867
668 54 669
660 217 877
671 582 672
666 253 689
381 691 692
582 439 672
572 821 883
664 577 904
381 690 691
540 703 889
569 778 869
53 54 668
165 164 166
216 905 906
450 689 823
54 55 669
115 116 617
641 643 644
52 137 661
262 260 696
50 51 616
885 705 886
894 659 897
904 577 905
661 137 662
737 567 850
348 637 937
283 737 850
672 439 756
677 343 899
566 705 885
266 262 696
396 357 678
438 863 867
743 366 795
293 712 860
287 292 834
339 673 674
737 293 856
447 743 795
674 562 675
163 165 401
52 53 137
679 256 799
292 681 834
683 228 684
689 253 823
685 223 686
325 441 757
717 578 1001
441 443 682
267 375 694
446 759 760
441 682 757
51 52 661
433 418 593
271 397 695
224 223 685
759 446 761
743 447 796
229 228 683
730 732 733
684 685 687
433 593 599
696 684 832
756 750 783
260 683 696
860 712 862
220 218 745
254 861 868
241 704 705
254 659 894
315 676 879
693 697 896
113 114 140
330 340 692
639 630 640
680 667 858
166 164 432
394 357 396
241 185 704
672 756 783
340 381 692
218 660 745
265 267 694
246 244 701
357 263 678
693 477 697
702 249 703
487 699 700
322 325 757
490 492 659
857 420 864
465 679 799
724 506 782
723 724 782
530 707 708
596 763 826
730 731 732
261 260 262
666 489 667
683 684 696
269 271 695
303 305 776
455 456 489
261 262 263
508 649 706
856 293 860
734 881 895
692 691 811
240 234 260
731 131 732
263 262 265
328 692 811
685 686 687
763 359 826
443 478 682
478 673 682
486 748 749
678 265 694
673 339 682
181 249 702
228 224 685
263 265 678
240 260 261
82 118 747
95 131 731
687 686 688
137 53 668
58 136 716
560 517 711
489 456 490
449 303 776
741 366 742
259 366 741
707 551 709
530 531 707
525 527 762
699 257 701
234 229 683
328 330 692
353 338 748
338 475 748
91 124 713
289 278 736
375 269 695
521 513 714
265 266 267
366 251 795
487 351 699
450 452 689
759 197 760
631 629 632
761 446 766
594 525 762
257 246 701
209 901 902
125 74 720
148 76 721
428 622 725
684 228 685
122 88 719
742 366 743
191 189 734
267 269 375
79 147 722
440 620 744
477 444 697
505 508 706
452 454 455
124 92 728
723 290 724
538 541 614
267 268 269
223 220 745
592 509 738
455 489 666
177 174 892
400 351 487
278 276 736
73 125 735
271 273 397
55 56 130
455 454 456
436 440 744
497 496 577
351 257 699
419 418 433
291 290 723
740 367 741
260 234 683
281 293 737
497 665 764
443 442 444
441 331 442
181 179 249
384 385 496
708 709 710
400 487 488
697 493 698
455 666 689
269 270 271
534 536 551
384 497 764
110 111 129
275 227 276
666 667 680
319 339 674
567 844 850
443 444 477
531 534 707
561 477 693
275 446 760
708 707 709
237 240 785
183 181 702
441 442 443
185 183 704
130 56 715
587 488 873
384 496 497
362 363 384
297 346 750
381 362 764
426 428 725
452 455 689
728 151 729
499 387 740
193 227 275
444 493 697
187 185 241
325 331 441
193 191 227
367 259 741
340 362 381
193 275 760
183 702 704
497 577 664
439 405 756
748 475 749
277 276 278
331 811 815
767 212 830
267 266 268
279 278 280
264 263 357
319 320 339
325 326 331
271 272 273
281 280 293
662 137 663
340 341 362
436 439 440
94 95 731
280 289 712
387 367 740
444 445 493
758 197 759
265 262 266
485 390 486
308 310 415
170 168 348
686 223 745
312 314 315
132 751 752
275 276 277
283 281 737
436 405 439
316 318 319
738 521 739
68 754 755
649 592 650
369 750 756
699 701 842
426 374 428
440 582 589
622 504 623
150 90 713
373 347 374
655 646 892
277 278 279
273 274 344
68 69 754
465 467 679
201 198 758
279 280 281
287 285 292
494 565 677
373 374 426
322 324 325
534 551 707
517 519 711
237 234 240
330 333 340
346 347 373
89 150 719
513 515 714
75 148 720
77 123 721
435 405 436
524 594 602
346 296 347
123 78 722
485 486 573
434 426 725
460 799 800
428 504 622
519 522 610
478 477 561
509 511 738
440 439 582
515 560 714
276 380 736
198 197 758
527 530 762
147 80 746
508 592 649
511 521 738
269 268 270
343 898 899
682 339 757
515 517 560
141 67 755
746 81 747
508 509 592
280 278 289
91 92 124
519 610 711
404 369 405
729 151 730
293 280 712
390 353 748
259 251 366
217 213 767
358 357 394
93 151 728
428 429 504
391 485 777
496 385 498
89 90 150
511 513 521
299 297 750
384 363 385
271 270 272
75 76 148
77 78 123
73 74 125
276 227 380
305 308 776
395 394 418
715 57 716
799 256 800
57 58 716
87 88 122
152 72 735
192 191 193
79 80 147
211 208 212
490 491 492
369 299 750
85 86 149
376 409 652
213 212 767
505 507 508
81 82 747
427 426 434
288 287 290
132 70 751
297 296 346
444 442 445
407 387 499
197 194 760
82 83 118
286 285 287
701 244 785
282 281 283
493 445 494
296 291 723
325 324 326
200 198 201
315 314 316
284 283 285
440 589 620
319 318 320
362 341 363
504 505 706
482 436 744
204 202 205
178 177 179
538 539 541
226 224 228
304 302 780
438 660 877
368 299 369
553 502 580
536 537 538
530 708 762
340 333 341
196 194 197
231 229 234
541 556 585
334 450 823
132 752 753
534 535 536
295 291 296
176 174 177
67 68 755
180 179 181
273 272 274
190 189 191
486 390 748
90 91 713
93 94 151
182 181 183
188 187 189
186 185 187
184 183 185
92 93 728
74 75 720
76 77 721
71 72 152
88 89 719
623 504 706
405 369 756
78 79 722
435 436 482
80 81 746
770 769 771
72 73 735
71 152 751
508 507 509
524 525 594
428 374 429
504 429 505
404 405 435
362 384 764
218 217 660
465 466 467
492 603 604
403 448 817
222 220 223
433 599 601
347 296 723
205 202 778
215 213 217
56 57 715
320 322 757
522 523 524
337 352 784
863 688 867
192 193 194
443 477 478
161 769 770
373 426 427
204 205 206
462 464 465
427 434 671
531 533 534
774 773 775
256 679 822
769 154 771
200 201 202
391 390 485
69 132 754
452 453 454
301 449 809
194 193 760
368 369 404
196 197 198
450 451 452
773 141 775
288 290 291
175 176 814
519 520 522
286 287 288
596 598 763
295 296 297
211 212 213
811 691 815
338 336 475
336 304 780
275 277 446
284 285 286
95 96 131
69 70 132
279 281 282
527 529 530
407 499 500
750 346 783
190 191 192
282 283 284
70 71 751
261 263 264
389 353 390
399 391 777
160 773 774
497 664 665
58 59 136
517 518 519
574 399 575
154 106 765
301 303 449
586 488 587
553 580 581
107 108 134
347 723 782
107 134 765
308 415 776
429 374 782
151 94 731
60 61 153
105 154 769
153 61 768
66 141 773
515 516 517
100 157 772
105 106 154
106 107 765
98 99 138
66 67 141
138 99 772
161 104 769
104 105 769
160 65 773
65 66 773
61 62 768
100 101 157
99 100 772
64 65 160
103 104 161
326 327 328
544 550 571
227 191 734
513 514 515
494 564 565
334 360 450
176 177 178
352 392 784
511 512 513
308 309 310
509 510 511
188 189 190
178 179 180
465 464 466
403 425 448
373 427 783
761 766 791
392 543 544
320 321 322
462 465 799
132 753 754
186 187 188
212 208 821
596 597 598
180 181 182
23 24 133
328 329 330
339 320 757
21 22 156
184 185 186
505 506 507
182 183 184
279 282 766
316 317 318
372 345 779
322 323 324
467 466 468
305 307 308
524 523 525
506 429 782
382 351 400
312 313 314
310 311 312
446 277 766
330 332 333
32 33 139
201 758 869
350 257 351
575 399 777
479 372 779
29 30 128
165 166 167
427 672 783
476 569 570
471 595 596
383 424 460
277 279 766
458 459 476
244 237 785
475 336 780
522 520 523
858 667 861
442 331 815
379 431 457
274 370 376
409 437 653
255 246 257
19 20 117
300 299 368
298 297 299
536 535 537
534 533 535
473 562 656
294 291 295
202 201 778
376 408 409
389 390 391
226 228 229
364 413 458
207 206 208
845 230 852
460 461 462
519 518 520
421 372 479
547 479 548
250 242 251
233 175 814
231 234 237
199 198 200
374 347 782
222 223 224
26 27 143
730 151 731
530 529 531
195 194 196
414 365 558
203 202 204
538 537 539
210 208 211
236 233 447
371 411 473
509 507 510
380 227 734
476 570 841
505 429 506
779 345 808
427 671 672
346 373 783
541 539 556
258 251 259
608 423 786
517 516 518
607 423 608
501 500 502
326 328 811
462 463 464
215 217 218
16 17 155
392 544 784
515 514 516
494 445 564
326 324 327
460 424 461
354 259 367
513 512 514
406 387 407
470 355 790
511 510 512
386 367 387
341 333 342
35 36 119
320 318 321
142 47 950
490 456 491
274 272 370
466 464 503
695 631 1000
435 482 651
552 502 553
544 543 550
385 363 416
573 486 852
368 404 563
450 360 451
288 291 294
700 857 864
295 297 298
38 39 146
316 314 317
463 578 579
169 168 170
171 170 172
284 286 361
571 550 613
379 457 793
349 402 403
400 488 586
565 564 690
245 247 248
173 172 174
462 461 463
796 447 814
328 327 329
175 174 176
476 459 569
308 307 309
463 461 578
14 15 120
270 268 410
452 451 453
167 166 168
192 194 195
40 41 121
458 413 459
472 470 481
430 378 474
681 824 834
448 425 549
12 13 145
525 526 527
290 287 834
42 43 144
10 11 126
204 206 207
44 45 127
322 321 323
506 724 824
298 299 300
330 329 332
596 595 597
653 437 654
196 198 199
310 309 311
255 257 350
481 470 790
484 377 568
403 417 425
458 476 825
200 202 203
398 391 399
312 311 313
350 351 382
414 558 559
398 495 546
495 399 574
264 357 358
457 431 554
409 408 437
300 368 794
206 205 883
376 370 408
407 500 501
205 778 876
383 460 800
388 353 389
844 292 850
525 523 526
40 121 657
483 417 584
454 453 810
421 479 547
382 400 786
188 190 343
503 464 789
414 559 572
566 532 576
211 213 214
464 463 789
294 295 798
389 391 398
553 581 609
214 213 215
314 313 793
298 300 364
527 528 529
463 579 789
364 458 798
352 388 392
403 402 417
383 423 424
612 547 619
306 304 336
512 510 681
473 411 562
425 417 483
516 514 567
352 338 353
295 298 798
184 186 209
337 336 338
364 365 413
286 288 787
558 365 794
364 300 365
243 252 334
531 532 533
251 242 795
327 324 804
178 180 216
207 208 210
392 422 543
501 502 552
413 365 414
495 574 590
785 240 827
368 563 794
398 399 495
258 259 354
460 462 799
424 423 607
250 251 258
236 447 795
247 255 256
766 282 791
126 11 634
219 221 301
199 200 781
331 326 811
321 318 805
386 387 406
354 367 386
282 284 791
350 382 383
501 552 615
421 547 612
406 407 802
363 341 788
383 382 423
358 394 395
230 229 231
527 526 528
334 335 360
225 224 226
423 382 786
398 546 807
238 237 244
247 246 255
44 127 627
301 302 303
335 252 345
792 688 863
402 372 421
472 481 588
245 244 246
392 388 422
430 474 583
324 323 804
303 304 305
473 656 835
219 218 220
9 10 624
349 372 402
318 317 805
690 564 691
352 353 388
407 501 802
824 724 834
323 355 469
531 529 532
305 306 307
543 422 591
171 172 173
173 174 175
395 418 419
210 211 812
471 472 595
169 170 171
469 470 471
245 246 247
317 314 793
329 327 359
313 378 379
354 386 393
221 220 222
349 345 372
323 321 355
288 294 787
200 203 781
309 307 356
554 431 555
313 311 378
445 442 815
334 252 335
379 430 431
861 667 868
507 506 824
566 576 658
556 557 645
361 286 787
471 596 826
567 737 856
492 491 603
437 408 438
272 270 792
238 244 245
337 338 352
341 342 788
207 210 371
365 300 794
335 345 349
371 473 813
284 361 791
306 336 337
537 535 540
453 480 542
298 364 798
533 532 566
203 204 813
529 528 797
222 224 225
235 239 253
469 355 470
416 363 788
471 470 472
305 304 306
379 378 430
158 611 994
371 377 411
474 378 819
204 207 813
303 302 304
542 621 636
226 229 230
215 218 219
231 237 238
820 225 839
371 210 377
243 242 250
8 9 625
544 571 840
313 379 793
167 168 169
453 451 480
239 236 242
785 827 842
301 221 302
841 570 849
645 646 655
447 233 814
219 220 221
359 327 804
235 233 236
370 272 792
681 292 844
459 413 801
556 539 557
400 586 786
243 250 252
414 572 801
542 480 621
411 377 484
261 264 827
355 321 805
389 398 807
790 355 805
211 214 812
256 255 800
501 615 802
413 414 801
388 389 807
255 350 800
242 236 795
546 495 806
568 377 812
417 402 803
208 206 821
576 532 797
564 445 815
645 557 646
817 448 828
266 696 832
270 410 792
349 403 817
584 417 803
532 529 797
402 421 803
359 804 826
421 612 803
239 242 243
323 469 804
454 810 829
350 383 800
627 127 628
235 236 239
495 590 806
247 256 822
214 215 809
422 388 807
248 247 822
207 371 813
232 175 233
377 210 812
804 469 826
749 475 839
173 175 232
219 301 809
453 542 810
232 233 235
240 261 827
250 258 808
700 412 857
356 818 840
681 510 824
510 507 824
360 335 817
780 302 820
212 821 830
337 784 818
691 564 815
335 349 817
345 252 808
252 250 808
827 412 842
555 431 816
311 309 819
7 8 135
307 306 818
356 307 818
215 219 809
222 225 820
431 430 816
268 266 832
780 820 839
456 454 829
294 798 825
221 222 820
430 583 816
491 456 829
306 337 818
309 356 819
264 412 827
378 311 819
285 283 850
420 419 545
243 334 823
807 546 831
264 358 412
548 479 846
302 221 820
451 360 828
663 137 668
776 415 854
480 451 828
798 458 825
603 491 606
787 294 825
46 47 142
818 784 840
253 239 823
401 894 897
167 169 254
469 471 826
422 807 831
395 419 420
360 817 828
178 216 836
837 393 846
758 759 865
814 176 836
724 290 834
606 491 829
805 317 833
176 178 836
354 393 837
239 243 823
779 808 837
749 845 852
359 763 843
676 859 879
591 422 831
825 476 841
410 268 832
203 813 835
809 449 838
808 258 837
793 457 833
317 793 833
258 354 837
488 487 864
781 203 835
512 681 844
567 514 844
812 214 838
329 359 843
48 49 159
790 805 833
489 490 868
813 473 835
480 828 847
779 837 846
5 6 158
226 230 845
214 809 838
475 780 839
568 812 838
448 549 847
205 876 883
361 787 841
787 825 841
796 814 836
828 448 847
784 544 840
332 329 843
232 680 858
158 6 162
457 554 851
568 838 854
840 571 848
145 13 912
516 567 856
701 785 842
573 852 853
486 749 852
838 449 854
565 665 902
514 512 844
888 467 890
676 484 859
851 554 855
361 841 849
859 415 879
230 231 853
526 862 884
686 745 867
189 187 881
790 833 851
833 457 851
479 779 846
674 675 882
420 545 873
502 500 871
292 285 850
225 226 845
526 523 862
621 480 847
158 162 611
138 772 966
376 652 878
173 232 858
344 274 878
231 238 853
474 819 848
791 361 849
438 408 863
319 674 882
761 791 849
819 356 848
749 839 845
679 467 888
370 792 863
310 312 879
412 358 857
395 420 857
848 571 866
777 485 875
481 790 851
839 225 845
563 404 874
356 840 848
245 248 872
435 651 874
849 570 865
449 776 854
481 851 855
315 316 882
758 865 869
474 848 866
254 169 861
777 875 880
778 569 876
558 794 870
518 516 856
761 849 865
569 459 876
854 415 859
704 702 886
171 173 858
852 230 853
588 481 855
571 613 866
853 238 872
437 438 877
358 395 857
881 658 895
872 248 875
891 646 903
518 856 860
520 518 860
575 777 880
484 568 859
467 468 890
646 891 892
169 171 861
864 420 873
523 520 862
171 858 861
520 860 862
573 853 872
499 740 914
759 761 865
408 370 863
487 700 864
533 566 885
179 177 891
862 712 884
712 289 884
500 499 916
540 535 885
688 686 867
667 489 868
583 474 866
289 736 887
570 569 869
794 563 870
537 540 889
488 864 873
557 539 889
920 598 921
568 854 859
580 502 871
404 435 874
736 380 893
492 604 897
884 289 887
199 693 896
238 245 872
910 416 913
581 580 919
499 914 916
485 573 875
893 380 895
274 376 878
557 889 903
654 437 877
875 248 880
415 310 879
734 189 881
865 570 869
459 801 876
573 872 875
195 698 898
380 734 895
898 698 899
196 199 896
580 917 919
901 677 902
343 677 901
316 319 882
248 822 880
887 736 893
493 494 899
192 195 898
876 801 883
167 254 894
343 190 898
905 577 906
575 880 888
801 572 883
209 664 904
528 526 884
535 533 885
188 343 901
209 186 901
14 120 912
705 704 886
575 888 890
528 884 887
580 871 917
797 528 887
539 537 889
703 249 903
574 575 890
249 179 891
822 679 888
891 177 892
797 887 893
496 498 906
880 822 888
184 209 904
889 703 903
581 919 920
576 797 893
576 893 895
216 180 905
645 348 937
165 167 894
401 165 894
118 83 908
658 576 895
195 196 896
659 492 897
742 743 909
483 584 927
190 192 898
698 493 899
630 631 900
640 630 900
740 741 913
186 188 901
385 416 910
796 907 909
521 714 915
677 565 902
393 733 1007
141 755 918
342 333 917
796 836 907
763 598 920
720 591 974
836 216 907
646 557 903
871 342 917
182 184 904
182 904 905
180 182 905
907 498 909
742 910 913
719 609 986
577 496 906
906 498 907
945 482 996
742 909 910
610 923 1002
83 84 908
581 920 921
740 913 914
608 786 924
124 615 989
918 755 936
607 717 1001
216 906 907
743 796 909
498 385 910
13 14 912
153 768 911
741 742 913
416 788 914
739 521 915
401 897 922
914 788 916
788 342 916
62 63 925
101 102 926
739 948 961
729 730 930
333 332 917
775 141 918
917 332 919
332 843 919
909 498 910
555 747 955
843 763 920
609 581 921
919 843 920
397 273 932
913 416 914
717 718 959
915 714 947
831 546 933
943 713 989
503 918 936
610 522 935
524 602 935
732 548 1007
605 140 993
754 753 936
585 556 937
112 648 941
149 618 982
433 601 939
20 21 923
866 613 934
810 542 938
21 156 923
590 574 940
545 419 939
129 111 941
765 134 946
130 715 924
897 604 922
543 591 942
117 20 923
786 586 924
483 771 992
553 609 943
614 541 944
120 709 963
143 650 995
620 146 1006
890 468 940
616 159 977
158 617 976
671 727 971
133 915 947
650 28 962
622 623 929
594 762 949
126 944 997
643 945 996
708 710 949
727 726 999
621 847 946
651 482 945
619 547 952
38 146 951
614 635 984
31 32 929
32 139 929
768 62 925
157 101 926
45 46 928
721 123 988
154 765 956
730 733 930
727 119 971
554 555 955
17 18 954
129 941 968
22 23 931
23 133 931
735 125 933
746 555 1010
710 120 1005
156 22 931
597 670 953
670 122 953
802 615 981
935 602 979
661 662 967
116 1 976
2 50 977
1 5 976
49 2 977
932 344 945
612 619 975
273 344 932
803 612 966
733 732 1007
589 582 971
546 806 933
829 810 968
119 36 960
668 669 973
124 728 981
583 866 934
97 98 975
386 406 978
522 524 935
733 393 978
85 149 982
115 617 993
96 97 983
755 754 936
638 396 958
538 614 984
551 536 984
140 114 993
555 816 1010
752 751 987
63 3 990
3 64 990
4 103 991
102 4 991
738 739 995
120 15 1005
650 592 995
110 129 1004
578 461 1001
424 607 1001
816 583 980
556 645 937
921 598 953
130 924 957
846 393 1007
16 155 1005
924 586 957
542 636 938
419 433 939
709 551 963
111 112 941
574 890 940
550 543 942
908 84 982
18 19 979
344 651 945
560 711 965
579 911 985
133 24 948
831 933 974
552 553 943
119 727 999
35 119 999
541 585 944
912 120 963
950 159 998
931 133 947
406 930 978
117 935 979
468 466 969
153 911 959
941 606 968
847 549 946
714 560 947
915 133 948
24 25 948
678 694 964
762 708 949
47 48 950
722 147 980
28 29 962
37 38 951
129 938 1004
128 30 972
396 678 964
747 118 955
26 143 961
547 548 952
549 425 992
694 375 970
598 597 953
636 109 1004
713 124 989
768 925 1008
155 17 954
669 130 957
771 154 956
633 647 958
128 649 962
965 711 1002
855 554 955
985 911 1008
586 587 957
718 153 959
933 125 974
37 951 960
550 942 988
609 921 986
744 620 1006
929 623 972
552 943 989
964 694 970
36 37 960
545 663 1009
31 929 972
922 605 994
25 26 961
649 650 962
611 922 994
29 128 962
591 831 974
466 503 969
970 375 1000
159 49 977
5 158 976
934 722 980
375 695 1000
711 610 1002
955 118 1003
644 643 996
632 633 970
931 947 965
585 626 997
616 661 967
584 803 966
635 912 963
921 953 986
855 955 1003
816 980 1010
936 753 969
606 829 968
619 952 983
582 671 971
587 873 1009
948 25 961
425 483 992
30 31 972
617 116 976
50 616 977
125 720 974
663 668 973
98 138 975
873 545 1009
393 386 978
19 117 979
925 63 990
926 102 991
728 729 981
956 549 992
633 964 970
84 85 982
131 96 983
958 396 964
156 965 1002
536 538 984
774 775 985
122 719 986
751 152 987
613 550 988
64 160 990
103 161 991
615 552 989
503 936 969
156 931 965
114 115 993
118 908 1003
592 738 995
482 744 996
601 599 998
34 35 999
632 970 1000
631 632 1000
461 424 1001
947 560 965
109 110 1004
588 855 1003
15 16 1005
908 588 1003
548 846 1007
147 746 1010
930 733 978
944 585 997
160 925 990
161 926 991
953 122 986
633 958 964
938 636 1004
583 934 980
911 768 1008
923 156 1002
952 131 983
774 985 1008
599 950 998
771 956 992
973 587 1009
980 147 1010
663 973 1009