4. 0.04651162790695656
4. 0.09302325581393378
4. 0.13953488372091102
4. 0.18604651162788824
4. 0.23255813953486545
4. 0.27906976744184275
4. 0.32558139534881997
4. 0.3720930232557972
4. 0.4186046511627744
4. 0.4651162790697516
4. 0.5116279069767289
4. 0.5581395348837062
4. 0.6046511627906833
4. 0.6511627906976606
4. 0.6976744186046377
4. 0.744186046511615
4. 0.7906976744185923
4. 0.8372093023255694
4. 0.8837209302325467
4. 0.9302325581395239
4. 0.9767441860465012
4. 1.0232558139534784
4. 1.0697674418604557
4. 1.116279069767433
4. 1.16279069767441
4. 1.2093023255813873
4. 1.2558139534883646
4. 1.3023255813953418
4. 1.348837209302319
4. 1.3953488372092961
4. 1.4418604651162734
4. 1.4883720930232507
4. 1.534883720930228
4. 1.5813953488372052
4. 1.6279069767441823
4. 1.6744186046511595
4. 1.7209302325581368
4. 1.767441860465114
4. 1.8139534883720914
4. 1.8604651162790684
4. 1.9069767441860457
4. 1.953488372093023