0. 0.04651162790695656
0. 0.09302325581393378
0. 0.13953488372091102
0. 0.18604651162788824
0. 0.23255813953486545
0. 0.27906976744184275
0. 0.32558139534881997
0. 0.3720930232557972
0. 0.4186046511627744
0. 0.4651162790697516
0. 0.5116279069767289
0. 0.5581395348837062
0. 0.6046511627906833
0. 0.6511627906976606
0. 0.6976744186046377
0. 0.744186046511615
0. 0.7906976744185923
0. 0.8372093023255694
0. 0.8837209302325467
0. 0.9302325581395239
0. 0.9767441860465012
0. 1.0232558139534784
0. 1.0697674418604557
0. 1.116279069767433
0. 1.16279069767441
0. 1.2093023255813873
0. 1.2558139534883646
0. 1.3023255813953418
0. 1.348837209302319
0. 1.3953488372092961
0. 1.4418604651162734
0. 1.4883720930232507
0. 1.534883720930228
0. 1.5813953488372052
0. 1.6279069767441823
0. 1.6744186046511595
0. 1.7209302325581368
0. 1.767441860465114
0. 1.8139534883720914
0. 1.8604651162790684
0. 1.9069767441860457
0. 1.953488372093023