0. 0.
0.02206549910728525 0.034653465520444786
0.04530227069291059 0.07110059795992243
0.06857100240092723 0.1075029279629761
0.09189394397367372 0.14384592467765112
0.11529369492239201 0.18011455781237487
0.13879336695105243 0.2162931226708263
0.16241675420448287 0.252365049480689
0.18618851412529697 0.28831269171461843
0.21013436190542062 0.32411708720512544
0.23428128176168062 0.3597576846530764
0.25865775853716355 0.39521202654542353
0.2832940334048002 0.43045537742772877
0.30822238767917354 0.4654602837817043
0.33347745884165036 0.5001960482515279
0.35909659270242317 0.53462809639827
0.3851202348983759 0.5687172082134171
0.41159236319963205 0.6024185788637728
0.43856095856896304 0.6356806630235052
0.4660785061786894 0.6684437439970736
0.49420250514721925 0.7006381518734971
0.5229959431669465 0.7321820334508163
0.552527651465742 0.7629785503883189
0.5828723822082451 0.7929123523630237
0.6141103181716918 0.8218451446844551
0.6463254852951187 0.8496101614022479
0.6796021050134636 0.8760054070839481
0.7140171367686118 0.9007857406068288
0.7496258381966157 0.9236544576630404
0.7864346108335293 0.9442564315135845
0.8243508285823138 0.9621779439200888
0.8630912181606201 0.9769644854198198
0.9020157613758131 0.9881787149573601
0.9398268679147533 0.9955363345384171
0.9740195193045844 0.9991673857356039
1.0000000000000033 1.
1.0432506054544288 0.9976931089068933
1.0862573887166094 0.9908348862187807
1.1285660936322752 0.9796770793487661
1.169817608700774 0.9646329783891019
1.2097781734120823 0.9461981685985262
1.2483339879977757 0.9248778371242711
1.2854649407639938 0.9011387380926719
1.321213570846064 0.8753867345638874
1.3556586931012433 0.847962233826153
1.3888965325711038 0.8191451574881344
1.421028676714137 0.7891636205649047
1.4521550564156323 0.7582031308391717
1.4823702451172862 0.7264148939904227
1.5117617950523434 0.6939227763264919
1.5404097548292006 0.660828925850305
1.5683868328580626 0.6272182240083647
1.5957588858335423 0.593161780945476
1.622585546830373 0.5587196732586669
1.6489208897622847 0.5239430916743307
1.6748140755951086 0.4888760325665563
1.7003099538653748 0.45355663768741017
1.7254496089740667 0.41801826239990314
1.7502708494371806 0.38229033384138755
1.7748086428029466 0.3463990459746646
1.7990955010838527 0.3103679275028449
1.8231618223556827 0.27421831033245714
1.847036194261866 0.23796972001904532
1.8707456648857939 0.20164020491731516
1.8943159860193428 0.16524661720252865
1.9177718333759364 0.12880485624646623
1.941137007832056 0.09233008280876671
1.9644346213632162 0.055836910987326994
1.9876872709831723 0.01933958374592932
2.010917203703495 -0.017147862979187925
2.034146475304901 -0.05361144315817354
2.0573971055501117 -0.09003706645227982
2.0806912323680216 -0.1264103829966476
2.1040512674984018 -0.16271662327406322
2.1275000561031843 -0.1989404290045763
2.1510610429231027 -0.23506567063074715
2.1747584476853916 -0.27107524643655206
2.198617452646859 -0.3069508575675696
2.222664405382202 -0.3426727521740335
2.246927040190232 -0.37821943051117735
2.2714347217726574 -0.4135673010142579
2.2962187151072526 -0.4486902749995876
2.321312485629379 -0.4835592845702397
2.3467520338468217 -0.5181417043179771
2.372576268159212 -0.5524006522407998
2.3988274186197254 -0.5862941385906207
2.4255514921227546 -0.6197740226920283
2.4527987651003937 -0.6527847266083583
2.480624301669471 -0.6852616403031155
2.5090884705382526 -0.7171291351555634
2.5382574080851446 -0.7482980812420623
2.5682033295487314 -0.7786627397680222
2.599004510712467 -0.8080968794334463
2.630744623534738 -0.8364489550833736
2.6635108670209893 -0.8635362142799962
2.697389914196097 -0.8891377191811556
2.7324599714527134 -0.9129866068778302
2.768776012844493 -0.9347626993642607
2.8063431850434344 -0.9540882556078504
2.8450699665961805 -0.9705329625452969
2.8846870138913627 -0.9836401821171988
2.9246077765862575 -0.9929958533288917
2.9636877548636207 -0.9983737091760472
2.999999981566114 -0.9999999999999996
3.0410880751802094 -0.9979179527046801
3.0841184170587517 -0.9912831417548177
3.1264715701232286 -0.9803317020517489
3.167782614854316 -0.9654706515219333
3.2078113955770045 -0.9471933459063733
3.2464386336820317 -0.9260058654778609
3.283640278631608 -0.9023776091473403
3.3194564202649297 -0.8767177073961642
3.3539645696074847 -0.8493697756253391
3.387260416685143 -0.8206165701557145
3.419445481570295 -0.7906885763713731
3.4506198873185614 -0.7597732267949246
3.480878527216367 -0.7280232672810015
3.510309322269107 -0.695563789614108
3.538992693986643 -0.6624979171845763
3.567001703319785 -0.628911311937853
3.5944025257472294 -0.5948757160081402
3.6212550705717326 -0.5604517301257733
3.6476136356383266 -0.5256910015243504
3.673527536311005 -0.49063796410913957
3.6990416718381867 -0.4553312511486566
3.724196999324574 -0.41980489104554
3.749030875943241 -0.38408940699590943
3.7735771976174526 -0.34821298546632024
3.7978661905155415 -0.3122029848985266
3.821923564396689 -0.27608828275973163
3.8457684406435733 -0.23990342232016748
3.8694088746652326 -0.20369645291104727
3.892832605079657 -0.16754422244569103
3.9159882846917236 -0.13158260147308218
3.9387476853118804 -0.09606653108820155
3.960829821145466 -0.06148955866812233
3.9816487882568317 -0.028822024053156065
4. 0.
0. 0.04651162790695656
0. 0.09302325581393378
0. 0.13953488372091102
0. 0.18604651162788824
0. 0.23255813953486545
0. 0.27906976744184275
0. 0.32558139534881997
0. 0.3720930232557972
0. 0.4186046511627744
0. 0.4651162790697516
0. 0.5116279069767289
0. 0.5581395348837062
0. 0.6046511627906833
0. 0.6511627906976606
0. 0.6976744186046377
0. 0.744186046511615
0. 0.7906976744185923
0. 0.8372093023255694
0. 0.8837209302325467
0. 0.9302325581395239
0. 0.9767441860465012
0. 1.0232558139534784
0. 1.0697674418604557
0. 1.116279069767433
0. 1.16279069767441
0. 1.2093023255813873
0. 1.2558139534883646
0. 1.3023255813953418
0. 1.348837209302319
0. 1.3953488372092961
0. 1.4418604651162734
0. 1.4883720930232507
0. 1.534883720930228
0. 1.5813953488372052
0. 1.6279069767441823
0. 1.6744186046511595
0. 1.7209302325581368
0. 1.767441860465114
0. 1.8139534883720914
0. 1.8604651162790684
0. 1.9069767441860457
0. 1.953488372093023
0. 2.
4. 0.04651162790695656
4. 0.09302325581393378
4. 0.13953488372091102
4. 0.18604651162788824
4. 0.23255813953486545
4. 0.27906976744184275
4. 0.32558139534881997
4. 0.3720930232557972
4. 0.4186046511627744
4. 0.4651162790697516
4. 0.5116279069767289
4. 0.5581395348837062
4. 0.6046511627906833
4. 0.6511627906976606
4. 0.6976744186046377
4. 0.744186046511615
4. 0.7906976744185923
4. 0.8372093023255694
4. 0.8837209302325467
4. 0.9302325581395239
4. 0.9767441860465012
4. 1.0232558139534784
4. 1.0697674418604557
4. 1.116279069767433
4. 1.16279069767441
4. 1.2093023255813873
4. 1.2558139534883646
4. 1.3023255813953418
4. 1.348837209302319
4. 1.3953488372092961
4. 1.4418604651162734
4. 1.4883720930232507
4. 1.534883720930228
4. 1.5813953488372052
4. 1.6279069767441823
4. 1.6744186046511595
4. 1.7209302325581368
4. 1.767441860465114
4. 1.8139534883720914
4. 1.8604651162790684
4. 1.9069767441860457
4. 1.953488372093023
4. 2.
0.047058823529411764 2.
0.09411764705882353 2.
0.1411764705882353 2.
0.18823529411764706 2.
0.23529411764705882 2.
0.2823529411764706 2.
0.32941176470588235 2.
0.3764705882352941 2.
0.4235294117647059 2.
0.47058823529411764 2.
0.5176470588235293 2.
0.5647058823529412 2.
0.611764705882353 2.
0.6588235294117647 2.
0.7058823529411764 2.
0.7529411764705882 2.
0.8 2.
0.8470588235294118 2.
0.8941176470588235 2.
0.9411764705882353 2.
0.9882352941176471 2.
1.0352941176470587 2.
1.0823529411764705 2.
1.1294117647058823 2.
1.1764705882352942 2.
1.223529411764706 2.
1.2705882352941176 2.
1.3176470588235294 2.
1.3647058823529412 2.
1.4117647058823528 2.
1.4588235294117646 2.
1.5058823529411764 2.
1.5529411764705883 2.
1.6 2.
1.6470588235294117 2.
1.6941176470588235 2.
1.7411764705882353 2.
1.788235294117647 2.
1.8352941176470587 2.
1.8823529411764706 2.
1.9294117647058824 2.
1.9764705882352942 2.
2.023529411764706 2.
2.0705882352941174 2.
2.1176470588235294 2.
2.164705882352941 2.
2.211764705882353 2.
2.2588235294117647 2.
2.3058823529411763 2.
2.3529411764705883 2.
2.4 2.
2.447058823529412 2.
2.4941176470588236 2.
2.541176470588235 2.
2.588235294117647 2.
2.635294117647059 2.
2.6823529411764704 2.
2.7294117647058824 2.
2.776470588235294 2.
2.8235294117647056 2.
2.8705882352941177 2.
2.9176470588235293 2.
2.9647058823529413 2.
3.011764705882353 2.
3.0588235294117645 2.
3.1058823529411765 2.
3.152941176470588 2.
3.2 2.
3.2470588235294118 2.
3.2941176470588234 2.
3.3411764705882354 2.
3.388235294117647 2.
3.4352941176470586 2.
3.4823529411764707 2.
3.5294117647058822 2.
3.576470588235294 2.
3.623529411764706 2.
3.6705882352941175 2.
3.7176470588235295 2.
3.764705882352941 2.
3.8117647058823527 2.
3.8588235294117648 2.
3.9058823529411764 2.
3.9529411764705884 2.