0. 0.
0.02206549910728525 0.034653465520444786
0.04530227069291059 0.07110059795992243
0.06857100240092723 0.1075029279629761
0.09189394397367372 0.14384592467765112
0.11529369492239201 0.18011455781237487
0.13879336695105243 0.2162931226708263
0.16241675420448287 0.252365049480689
0.18618851412529697 0.28831269171461843
0.21013436190542062 0.32411708720512544
0.23428128176168062 0.3597576846530764
0.25865775853716355 0.39521202654542353
0.2832940334048002 0.43045537742772877
0.30822238767917354 0.4654602837817043
0.33347745884165036 0.5001960482515279
0.35909659270242317 0.53462809639827
0.3851202348983759 0.5687172082134171
0.41159236319963205 0.6024185788637728
0.43856095856896304 0.6356806630235052
0.4660785061786894 0.6684437439970736
0.49420250514721925 0.7006381518734971
0.5229959431669465 0.7321820334508163
0.552527651465742 0.7629785503883189
0.5828723822082451 0.7929123523630237
0.6141103181716918 0.8218451446844551
0.6463254852951187 0.8496101614022479
0.6796021050134636 0.8760054070839481
0.7140171367686118 0.9007857406068288
0.7496258381966157 0.9236544576630404
0.7864346108335293 0.9442564315135845
0.8243508285823138 0.9621779439200888
0.8630912181606201 0.9769644854198198
0.9020157613758131 0.9881787149573601
0.9398268679147533 0.9955363345384171
0.9740195193045844 0.9991673857356039
1.0000000000000033 1.
1.0432506054544288 0.9976931089068933
1.0862573887166094 0.9908348862187807
1.1285660936322752 0.9796770793487661
1.169817608700774 0.9646329783891019
1.2097781734120823 0.9461981685985262
1.2483339879977757 0.9248778371242711
1.2854649407639938 0.9011387380926719
1.321213570846064 0.8753867345638874
1.3556586931012433 0.847962233826153
1.3888965325711038 0.8191451574881344
1.421028676714137 0.7891636205649047
1.4521550564156323 0.7582031308391717
1.4823702451172862 0.7264148939904227
1.5117617950523434 0.6939227763264919
1.5404097548292006 0.660828925850305
1.5683868328580626 0.6272182240083647
1.5957588858335423 0.593161780945476
1.622585546830373 0.5587196732586669
1.6489208897622847 0.5239430916743307
1.6748140755951086 0.4888760325665563
1.7003099538653748 0.45355663768741017
1.7254496089740667 0.41801826239990314
1.7502708494371806 0.38229033384138755
1.7748086428029466 0.3463990459746646
1.7990955010838527 0.3103679275028449
1.8231618223556827 0.27421831033245714
1.847036194261866 0.23796972001904532
1.8707456648857939 0.20164020491731516
1.8943159860193428 0.16524661720252865
1.9177718333759364 0.12880485624646623
1.941137007832056 0.09233008280876671
1.9644346213632162 0.055836910987326994
1.9876872709831723 0.01933958374592932
2.010917203703495 -0.017147862979187925
2.034146475304901 -0.05361144315817354
2.0573971055501117 -0.09003706645227982
2.0806912323680216 -0.1264103829966476
2.1040512674984018 -0.16271662327406322
2.1275000561031843 -0.1989404290045763
2.1510610429231027 -0.23506567063074715
2.1747584476853916 -0.27107524643655206
2.198617452646859 -0.3069508575675696
2.222664405382202 -0.3426727521740335
2.246927040190232 -0.37821943051117735
2.2714347217726574 -0.4135673010142579
2.2962187151072526 -0.4486902749995876
2.321312485629379 -0.4835592845702397
2.3467520338468217 -0.5181417043179771
2.372576268159212 -0.5524006522407998
2.3988274186197254 -0.5862941385906207
2.4255514921227546 -0.6197740226920283
2.4527987651003937 -0.6527847266083583
2.480624301669471 -0.6852616403031155
2.5090884705382526 -0.7171291351555634
2.5382574080851446 -0.7482980812420623
2.5682033295487314 -0.7786627397680222
2.599004510712467 -0.8080968794334463
2.630744623534738 -0.8364489550833736
2.6635108670209893 -0.8635362142799962
2.697389914196097 -0.8891377191811556
2.7324599714527134 -0.9129866068778302
2.768776012844493 -0.9347626993642607
2.8063431850434344 -0.9540882556078504
2.8450699665961805 -0.9705329625452969
2.8846870138913627 -0.9836401821171988
2.9246077765862575 -0.9929958533288917
2.9636877548636207 -0.9983737091760472
2.999999981566114 -0.9999999999999996
3.0410880751802094 -0.9979179527046801
3.0841184170587517 -0.9912831417548177
3.1264715701232286 -0.9803317020517489
3.167782614854316 -0.9654706515219333
3.2078113955770045 -0.9471933459063733
3.2464386336820317 -0.9260058654778609
3.283640278631608 -0.9023776091473403
3.3194564202649297 -0.8767177073961642
3.3539645696074847 -0.8493697756253391
3.387260416685143 -0.8206165701557145
3.419445481570295 -0.7906885763713731
3.4506198873185614 -0.7597732267949246
3.480878527216367 -0.7280232672810015
3.510309322269107 -0.695563789614108
3.538992693986643 -0.6624979171845763
3.567001703319785 -0.628911311937853
3.5944025257472294 -0.5948757160081402
3.6212550705717326 -0.5604517301257733
3.6476136356383266 -0.5256910015243504
3.673527536311005 -0.49063796410913957
3.6990416718381867 -0.4553312511486566
3.724196999324574 -0.41980489104554
3.749030875943241 -0.38408940699590943
3.7735771976174526 -0.34821298546632024
3.7978661905155415 -0.3122029848985266
3.821923564396689 -0.27608828275973163
3.8457684406435733 -0.23990342232016748
3.8694088746652326 -0.20369645291104727
3.892832605079657 -0.16754422244569103
3.9159882846917236 -0.13158260147308218
3.9387476853118804 -0.09606653108820155
3.960829821145466 -0.06148955866812233
3.9816487882568317 -0.028822024053156065
4. 0.