0.0 0.0
4.0 0.0
0.03773584914341437 0.0
0.07547169828439004 0.0
0.1132075474188451 0.0
0.1509433965539651 0.0
0.1886792456840731 0.0
0.2264150947992479 0.0
0.2641509439190254 0.0
0.3018867930694877 0.0
0.339622642233247 0.0
0.3773584913887214 0.0
0.4150943405479801 0.0
0.4528301897025339 0.0
0.4905660388301871 0.0
0.5283018879794221 0.0
0.5660377371190425 0.0
0.6037735863100091 0.0
0.6415094355093629 0.0
0.6792452847029891 0.0
0.7169811338972287 0.0
0.7547169830640563 0.0
0.792452832268115 0.0
0.830188681496722 0.0
0.8679245306443206 0.0
0.9056603797751446 0.0
0.9433962289632473 0.0
0.9811320781431674 0.0
1.018867927266627 0.0
1.056603776467822 0.0
1.094339625652651 0.0
1.132075474826025 0.0
1.169811323895479 0.0
1.207547172993164 0.0
1.245283022192722 0.0
1.28301887133091 0.0
1.320754720551744 0.0
1.358490569763986 0.0
1.396226418916289 0.0
1.433962268091095 0.0
1.471698117279198 0.0
1.509433966380973 0.0
1.547169815535118 0.0
1.584905664790319 0.0
1.622641514011152 0.0
1.660377363200891 0.0
1.698113212328033 0.0
1.735849061400556 0.0
1.773584910443007 0.0
1.81132075953169 0.0
1.849056608764798 0.0
1.886792457849185 0.0
1.924528307046084 0.0
1.962264156320411 0.0
2.000000005509742 0.0
2.037735854535009 0.0
2.075471703574187 0.0
2.113207552520083 0.0
2.150943401436521 0.0
2.188679250469154 0.0
2.226415099410754 0.0
2.264150948309805 0.0
2.301886797031905 0.0
2.339622645965527 0.0
2.377358494990589 0.0
2.415094343904369 0.0
2.452830192815488 0.0
2.490566041777544 0.0
2.528301890697869 0.0
2.566037739715772 0.0
2.603773588668623 0.0
2.641509437621475 0.0
2.679245286574326 0.0
2.716981135515312 0.0
2.754716984466014 0.0
2.792452833367825 0.0
2.830188682478806 0.0
2.867924531611675 0.0
2.905660380584165 0.0
2.943396229537016 0.0
2.981132078446499 0.0
3.018867927366824 0.0
3.056603776379408 0.0
3.094339625346785 0.0
3.132075474259949 0.0
3.169811323145702 0.0
3.207547172045775 0.0
3.245283021075339 0.0
3.283018869917518 0.0
3.320754718940842 0.0
3.358490567910467 0.0
3.396226416841839 0.0
3.433962265779757 0.0
3.471698114942084 0.0
3.509433963921937 0.0
3.547169812874789 0.0
3.584905661811684 0.0
3.622641510565901 0.0
3.66037735955987 0.0
3.698113208425985 0.0
3.735849057458821 0.0
3.773584906385078 0.0
3.811320755379967 0.0
3.849056604344274 0.0
3.886792453433775 0.0
3.92452830239399 0.0
3.962264151188096 0.0