4.0 0.03773584909821309
4.0 0.0754716981905913
4.0 0.1132075472771138
4.0 0.1509433963838883
4.0 0.188679245495726
4.0 0.2264150946083818
4.0 0.264150943715719
4.0 0.3018867928185557
4.0 0.339622641939701
4.0 0.3773584910215696
4.0 0.4150943401309525
4.0 0.4528301892545525
4.0 0.4905660383918587
4.0 0.5283018876011722
4.0 0.5660377367585256
4.0 0.6037735859252895
4.0 0.641509434962358
4.0 0.6792452841137793
4.0 0.7169811331483932
4.0 0.7547169823392957
4.0 0.7924528315089232
4.0 0.8301886805558107
4.0 0.8679245296802293
4.0 0.9056603788919976
4.0 0.9433962280338044
4.0 0.9811320771839982
4.0 1.018867926195189
4.0 1.056603775083333
4.0 1.094339624070794
4.0 1.132075473019081
4.0 1.169811321938115
4.0 1.207547170843443
4.0 1.245283019748156
4.0 1.283018868684374
4.0 1.320754717434129
4.0 1.358490566289339
4.0 1.396226415135342
4.0 1.433962264077287
4.0 1.47169811326328
4.0 1.509433962138945
4.0 1.547169811047137
4.0 1.584905659990719
4.0 1.622641508996795
4.0 1.660377357983131
4.0 1.698113207167079
4.0 1.735849056263062
4.0 1.773584905229351
4.0 1.811320754298945
4.0 1.849056603446479
4.0 1.886792452582558
4.0 1.924528301710454
4.0 1.962264150856966