4.0 2.0
0.0 2.0
3.962264150819825 2.0
3.924528301740706 2.0
3.886792452502844 2.0
3.849056603495324 2.0
3.811320754542626 2.0
3.773584905579496 2.0
3.73584905651122 2.0
3.698113207467695 2.0
3.660377358418034 2.0
3.622641509302093 2.0
3.584905660173059 2.0
3.547169810943789 2.0
3.509433961797982 2.0
3.471698112675495 2.0
3.433962263553007 2.0
3.39622641443993 2.0
3.358490565229685 2.0
3.320754716109652 2.0
3.283018866953616 2.0
3.245283017829902 2.0
3.207547168667729 2.0
3.169811319505556 2.0
3.132075470341337 2.0
3.09433962115789 2.0
3.056603771921254 2.0
3.018867922583973 2.0
2.981132073449007 2.0
2.943396224261468 2.0
2.90566037511341 2.0
2.867924525821951 2.0
2.830188676450302 2.0
2.792452827211622 2.0
2.754716978179553 2.0
2.716981129054816 2.0
2.679245279814294 2.0
2.641509430608753 2.0
2.60377358135739 2.0
2.566037732142029 2.0
2.52830188290294 2.0
2.490566033843765 2.0
2.452830184714119 2.0
2.415094335568516 2.0
2.377358486560995 2.0
2.339622637608298 2.0
2.301886788585845 2.0
2.264150939434513 2.0
2.226415090272341 2.0
2.188679241110168 2.0
2.150943391897672 2.0
2.113207542666355 2.0
2.075471693428493 2.0
2.037735844309688 2.0
1.999999995158357 2.0
1.962264146241868 2.0
1.924528297343177 2.0
1.886792448289424 2.0
1.849056599419577 2.0
1.811320750571618 2.0
1.773584901588951 2.0
1.735849052757154 2.0
1.698113203800876 2.0
1.660377354827723 2.0
1.622641505880754 2.0
1.584905656888985 2.0
1.547169807877782 2.0
1.509433958879876 2.0
1.471698109857115 2.0
1.433962260942263 2.0
1.396226411953153 2.0
1.358490563019686 2.0
1.320754714091128 2.0
1.283018865198573 2.0
1.245283016165635 2.0
1.207547167149011 2.0
1.169811318050254 2.0
1.132075469228685 2.0
1.094339620202039 2.0
1.056603771256912 2.0
1.018867922266267 2.0
0.9811320732485183 2.0
0.9433962242782284 2.0
0.905660375188063 2.0
0.8679245263655212 2.0
0.8301886774694897 2.0
0.7924528286477424 2.0
0.754716979663542 2.0
0.7169811307837732 2.0
0.6792452817905716 2.0
0.6415094326169433 2.0
0.6037735835365965 2.0
0.5660377346211316 2.0
0.5283018857633532 2.0
0.4905660369140654 2.0
0.4528301879713403 2.0
0.415094338994199 2.0
0.3773584902050535 2.0
0.3396226410992385 2.0
0.3018867921314055 2.0
0.2641509430611595 2.0
0.2264150943038241 2.0
0.1886792452316581 2.0
0.1509433962179494 2.0
0.1132075472084861 2.0
0.07547169819697785 2.0
0.03773584918288631 2.0