0.0 0.0
4.0 0.0
4.0 2.0
0.0 2.0
0.03773584914341437 0.0
0.07547169828439004 0.0
0.1132075474188451 0.0
0.1509433965539651 0.0
0.1886792456840731 0.0
0.2264150947992479 0.0
0.2641509439190254 0.0
0.3018867930694877 0.0
0.339622642233247 0.0
0.3773584913887214 0.0
0.4150943405479801 0.0
0.4528301897025339 0.0
0.4905660388301871 0.0
0.5283018879794221 0.0
0.5660377371190425 0.0
0.6037735863100091 0.0
0.6415094355093629 0.0
0.6792452847029891 0.0
0.7169811338972287 0.0
0.7547169830640563 0.0
0.792452832268115 0.0
0.830188681496722 0.0
0.8679245306443206 0.0
0.9056603797751446 0.0
0.9433962289632473 0.0
0.9811320781431674 0.0
1.018867927266627 0.0
1.056603776467822 0.0
1.094339625652651 0.0
1.132075474826025 0.0
1.169811323895479 0.0
1.207547172993164 0.0
1.245283022192722 0.0
1.28301887133091 0.0
1.320754720551744 0.0
1.358490569763986 0.0
1.396226418916289 0.0
1.433962268091095 0.0
1.471698117279198 0.0
1.509433966380973 0.0
1.547169815535118 0.0
1.584905664790319 0.0
1.622641514011152 0.0
1.660377363200891 0.0
1.698113212328033 0.0
1.735849061400556 0.0
1.773584910443007 0.0
1.81132075953169 0.0
1.849056608764798 0.0
1.886792457849185 0.0
1.924528307046084 0.0
1.962264156320411 0.0
2.000000005509742 0.0
2.037735854535009 0.0
2.075471703574187 0.0
2.113207552520083 0.0
2.150943401436521 0.0
2.188679250469154 0.0
2.226415099410754 0.0
2.264150948309805 0.0
2.301886797031905 0.0
2.339622645965527 0.0
2.377358494990589 0.0
2.415094343904369 0.0
2.452830192815488 0.0
2.490566041777544 0.0
2.528301890697869 0.0
2.566037739715772 0.0
2.603773588668623 0.0
2.641509437621475 0.0
2.679245286574326 0.0
2.716981135515312 0.0
2.754716984466014 0.0
2.792452833367825 0.0
2.830188682478806 0.0
2.867924531611675 0.0
2.905660380584165 0.0
2.943396229537016 0.0
2.981132078446499 0.0
3.018867927366824 0.0
3.056603776379408 0.0
3.094339625346785 0.0
3.132075474259949 0.0
3.169811323145702 0.0
3.207547172045775 0.0
3.245283021075339 0.0
3.283018869917518 0.0
3.320754718940842 0.0
3.358490567910467 0.0
3.396226416841839 0.0
3.433962265779757 0.0
3.471698114942084 0.0
3.509433963921937 0.0
3.547169812874789 0.0
3.584905661811684 0.0
3.622641510565901 0.0
3.66037735955987 0.0
3.698113208425985 0.0
3.735849057458821 0.0
3.773584906385078 0.0
3.811320755379967 0.0
3.849056604344274 0.0
3.886792453433775 0.0
3.92452830239399 0.0
3.962264151188096 0.0
4.0 0.03773584909821309
4.0 0.0754716981905913
4.0 0.1132075472771138
4.0 0.1509433963838883
4.0 0.188679245495726
4.0 0.2264150946083818
4.0 0.264150943715719
4.0 0.3018867928185557
4.0 0.339622641939701
4.0 0.3773584910215696
4.0 0.4150943401309525
4.0 0.4528301892545525
4.0 0.4905660383918587
4.0 0.5283018876011722
4.0 0.5660377367585256
4.0 0.6037735859252895
4.0 0.641509434962358
4.0 0.6792452841137793
4.0 0.7169811331483932
4.0 0.7547169823392957
4.0 0.7924528315089232
4.0 0.8301886805558107
4.0 0.8679245296802293
4.0 0.9056603788919976
4.0 0.9433962280338044
4.0 0.9811320771839982
4.0 1.018867926195189
4.0 1.056603775083333
4.0 1.094339624070794
4.0 1.132075473019081
4.0 1.169811321938115
4.0 1.207547170843443
4.0 1.245283019748156
4.0 1.283018868684374
4.0 1.320754717434129
4.0 1.358490566289339
4.0 1.396226415135342
4.0 1.433962264077287
4.0 1.47169811326328
4.0 1.509433962138945
4.0 1.547169811047137
4.0 1.584905659990719
4.0 1.622641508996795
4.0 1.660377357983131
4.0 1.698113207167079
4.0 1.735849056263062
4.0 1.773584905229351
4.0 1.811320754298945
4.0 1.849056603446479
4.0 1.886792452582558
4.0 1.924528301710454
4.0 1.962264150856966
3.962264150819825 2.0
3.924528301740706 2.0
3.886792452502844 2.0
3.849056603495324 2.0
3.811320754542626 2.0
3.773584905579496 2.0
3.73584905651122 2.0
3.698113207467695 2.0
3.660377358418034 2.0
3.622641509302093 2.0
3.584905660173059 2.0
3.547169810943789 2.0
3.509433961797982 2.0
3.471698112675495 2.0
3.433962263553007 2.0
3.39622641443993 2.0
3.358490565229685 2.0
3.320754716109652 2.0
3.283018866953616 2.0
3.245283017829902 2.0
3.207547168667729 2.0
3.169811319505556 2.0
3.132075470341337 2.0
3.09433962115789 2.0
3.056603771921254 2.0
3.018867922583973 2.0
2.981132073449007 2.0
2.943396224261468 2.0
2.90566037511341 2.0
2.867924525821951 2.0
2.830188676450302 2.0
2.792452827211622 2.0
2.754716978179553 2.0
2.716981129054816 2.0
2.679245279814294 2.0
2.641509430608753 2.0
2.60377358135739 2.0
2.566037732142029 2.0
2.52830188290294 2.0
2.490566033843765 2.0
2.452830184714119 2.0
2.415094335568516 2.0
2.377358486560995 2.0
2.339622637608298 2.0
2.301886788585845 2.0
2.264150939434513 2.0
2.226415090272341 2.0
2.188679241110168 2.0
2.150943391897672 2.0
2.113207542666355 2.0
2.075471693428493 2.0
2.037735844309688 2.0
1.999999995158357 2.0
1.962264146241868 2.0
1.924528297343177 2.0
1.886792448289424 2.0
1.849056599419577 2.0
1.811320750571618 2.0
1.773584901588951 2.0
1.735849052757154 2.0
1.698113203800876 2.0
1.660377354827723 2.0
1.622641505880754 2.0
1.584905656888985 2.0
1.547169807877782 2.0
1.509433958879876 2.0
1.471698109857115 2.0
1.433962260942263 2.0
1.396226411953153 2.0
1.358490563019686 2.0
1.320754714091128 2.0
1.283018865198573 2.0
1.245283016165635 2.0
1.207547167149011 2.0
1.169811318050254 2.0
1.132075469228685 2.0
1.094339620202039 2.0
1.056603771256912 2.0
1.018867922266267 2.0
0.9811320732485183 2.0
0.9433962242782284 2.0
0.905660375188063 2.0
0.8679245263655212 2.0
0.8301886774694897 2.0
0.7924528286477424 2.0
0.754716979663542 2.0
0.7169811307837732 2.0
0.6792452817905716 2.0
0.6415094326169433 2.0
0.6037735835365965 2.0
0.5660377346211316 2.0
0.5283018857633532 2.0
0.4905660369140654 2.0
0.4528301879713403 2.0
0.415094338994199 2.0
0.3773584902050535 2.0
0.3396226410992385 2.0
0.3018867921314055 2.0
0.2641509430611595 2.0
0.2264150943038241 2.0
0.1886792452316581 2.0
0.1509433962179494 2.0
0.1132075472084861 2.0
0.07547169819697785 2.0
0.03773584918288631 2.0
0.0 1.962264150856966
0.0 1.924528301710454
0.0 1.886792452582558
0.0 1.849056603446479
0.0 1.811320754298945
0.0 1.773584905229351
0.0 1.735849056263062
0.0 1.698113207167079
0.0 1.660377357983131
0.0 1.622641508996795
0.0 1.584905659990719
0.0 1.547169811047137
0.0 1.509433962138945
0.0 1.47169811326328
0.0 1.433962264077287
0.0 1.396226415135342
0.0 1.358490566289339
0.0 1.320754717434129
0.0 1.283018868684374
0.0 1.245283019748156
0.0 1.207547170843443
0.0 1.169811321938115
0.0 1.132075473019081
0.0 1.094339624070794
0.0 1.056603775083333
0.0 1.018867926195189
0.0 0.9811320771839982
0.0 0.9433962280338044
0.0 0.9056603788919976
0.0 0.8679245296802293
0.0 0.8301886805558107
0.0 0.7924528315089232
0.0 0.7547169823392957
0.0 0.7169811331483932
0.0 0.6792452841137793
0.0 0.641509434962358
0.0 0.6037735859252895
0.0 0.5660377367585256
0.0 0.5283018876011722
0.0 0.4905660383918587
0.0 0.4528301892545525
0.0 0.4150943401309525
0.0 0.3773584910215696
0.0 0.339622641939701
0.0 0.3018867928185557
0.0 0.264150943715719
0.0 0.2264150946083818
0.0 0.188679245495726
0.0 0.1509433963838883
0.0 0.1132075472771138
0.0 0.0754716981905913
0.0 0.03773584909821309