1  2  32
46  66  47
32  2  33
69  73  62
3  4  54
3 33  2
35  85  36
4  5  54
7  57  59
39  40  96
55  67 84
12  13  60
62  93  15
92  56  53
34  33  54
10  11 58
58  12  60
45  67  46
92  53  27
57  58  55
80  81 66
54  33  3
57  55  84
59  54  6
34  54  59
6  7 59
34  59  35
94  41  42
36  44  37
59  85  35
66  55 80
58  80  55
57  7  8
65  63  89
92  29  77
77  29 30
58  57  10
57  9  10
66  67  55
84  59  57
73  75 62
12  58  11
46  67  66
82  60  83
71  81  68
8  9 57
6  54  5
44  84  45
93  62  83
65  89  96
22  53 21
69  15  16
90  61  64
56  21  53
20  56  19
66  81 47
61  77  64
56  18  19
53  22  23
89  78  96
24  25 53
89  88  78
31  77  30
26  53  25
27  28  92
74  69 76
56  20  21
70  86  63
17  76  16
27  53  26
77  61 92
23  24  53
50  70  51
64  77  31
48  71  49
56  74 76
40  41  65
62  15  69
50  49  87
68  75  87
94  65 41
94  63  65
56  17  18
82  83  68
64  31  38
61  91 56
73  72  75
73  74  72
52  94  42
64  79  90
42  43 52
87  71  68
69  74  73
95  51  70
16  76  69
86  87 75
56  91  74
81  71  48
88  72  78
93  13  14
79  38 39
56  76  17
90  79  78
64  38  79
58  60  80
80  82 81
47  81  48
80  60  82
60  93  83
68  81  82
62  75 83
75  68  83
45  84  67
85  44  36
59  84  85
44  85 84
86  70  87
88  75  72
50  87  70
71  87  49
63  86 88
75  88  86
88  89  63
96  78  79
78  72  90
91  72 74
61  90  91
72  91  90
29  92  28
56  92  61
13  93 60
15  93  14
95  52  51
94  95  63
63  95  70
52  95 94
39  96  79
65  96  40 