5.0 2.0
1.0 2.0
4.95833333327846 2.0
4.916666666556919 2.0
4.87499999967275 2.0
4.833333332929524 2.0
4.791666666367001 2.0
4.749999999800863 2.0
4.70833333308655 2.0
4.666666666560165 2.0
4.62499999973382 2.0
4.583333333030349 2.0
4.541666666532879 2.0
4.499999999851092 2.0
4.458333332909096 2.0
4.416666666324889 2.0
4.374999999643103 2.0
4.333333332968545 2.0
4.291666666265075 2.0
4.249999999500167 2.0
4.208333332926801 2.0
4.166666666071543 2.0
4.124999999411441 2.0
4.083333332754952 2.0
4.041666665758748 2.0
3.999999998845665 2.0
3.95833333229037 2.0
3.916666665547144 2.0
3.874999998995462 2.0
3.83333333215466 2.0
3.791666665490944 2.0
3.749999998950104 2.0
3.708333332233985 2.0
3.66666666543655 2.0
3.624999998487326 2.0
3.583333331668208 2.0
3.541666664914143 2.0
3.499999998116708 2.0
3.458333331145802 2.0
3.416666664120684 2.0
3.374999997344933 2.0
3.333333330518587 2.0
3.291666663612733 2.0
3.249999996727658 2.0
3.208333329930224 2.0
3.166666663173446 2.0
3.124999996386854 2.0
3.083333329556893 2.0
3.041666662745003 2.0
2.999999995853604 2.0
2.958333329424799 2.0
2.916666662746626 2.0
2.874999996166034 2.0
2.833333329509545 2.0
2.791666662968706 2.0
2.749999996402567 2.0
2.708333329883413 2.0
2.666666663360642 2.0
2.624999996758365 2.0
2.583333330241016 2.0
2.541666663770648 2.0
2.49999999716837 2.0
2.458333330620301 2.0
2.416666663967428 2.0
2.374999997323589 2.0
2.333333330764678 2.0
2.291666663988928 2.0
2.249999997446282 2.0
2.208333330771723 2.0
2.166666664111621 2.0
2.124999997666553 2.0
2.083333331026327 2.0
2.041666664377068 2.0
1.999999997767563 2.0
1.958333331284546 2.0
1.916666664745512 2.0
1.874999998323935 2.0
1.833333331804778 2.0
1.791666665299176 2.0
1.749999998677022 2.0
1.708333332248216 2.0
1.666666665530289 2.0
1.624999998761766 2.0
1.583333332195629 2.0
1.541666665736104 2.0
1.499999999253088 2.0
1.458333332733932 2.0
1.416666666165084 2.0
1.374999999793198 2.0
1.333333333125869 2.0
1.291666666389418 2.0
1.249999999819667 2.0
1.208333333361497 2.0
1.166666666542379 2.0
1.124999999903057 2.0
1.083333333329692 2.0
1.041666666820927 2.0