1.0 0.5
5.0 0.5
1.041781780786051 0.4980459148033883
1.083532256666383 0.4955565294463295
1.12503260118442 0.4903896259638125
1.166206813152328 0.4830446974715942
1.206998462042638 0.4738063396233805
1.24733072677683 0.4627330576783163
1.287163364653616 0.4499764657565766
1.326473949874311 0.4356919660251174
1.365219037629168 0.4199363835028977
1.403429983970404 0.4029249924549572
1.441085091891332 0.3847166197657292
1.478198846966928 0.3654275890424326
1.514832113308233 0.3452405341712863
1.550952324564821 0.3241491265232267
1.586622449153516 0.3023044496359549
1.621899424316964 0.2798304962776367
1.656750539991667 0.2567013698950691
1.69126260953293 0.2330689207455458
1.725480525793645 0.2090127203345125
1.759374946652344 0.1845025755939562
1.793041275419895 0.1596798327424208
1.826516850356396 0.134600587784739
1.859772224581834 0.1092299147190359
1.892904388835214 0.08369843867207387
1.925950857454605 0.05805621847692022
1.958877755537422 0.03226056065918922
1.991780964272129 0.006434672823138053
2.024703460852295 -0.01936661304642374
2.057606029020605 -0.04519331661923134
2.090582495551695 -0.07092553324657568
2.123682271289605 -0.09649898777462579
2.156863639207439 -0.1219664413445234
2.19021862203873 -0.1472059196721927
2.223799822450454 -0.1721437187177428
2.257567900054649 -0.1968277638996746
2.291614544409653 -0.2211258526518783
2.325988134573043 -0.2449593385007776
2.360657762621453 -0.2683598516475833
2.395715936851136 -0.2911736232199356
2.431194044485743 -0.3133290200333063
2.467078258150107 -0.3348198759369305
2.503457354769098 -0.3554611030265162
2.540328163192972 -0.3752110203148644
2.577704199950892 -0.3939862194867376
2.615645640224884 -0.4115900843049868
2.65411895238479 -0.4279988509690628
2.693145970357299 -0.4430414291038312
2.732725615266067 -0.4565633098425501
2.772810143409827 -0.4685036290929958
2.813382421934462 -0.4786614997721817
2.854373333260297 -0.4869700865263382
2.895714204541159 -0.493308201605027
2.937320325328638 -0.4975704213142506
2.979088264009206 -0.4997281839635654
3.020911748399104 -0.4997281836414039
3.062679686798663 -0.4975704203777088
3.104285807288181 -0.4933082000938152
3.145626678262518 -0.4869700844696249
3.186617589214038 -0.4786614972468529
3.227189867325669 -0.4685036261436146
3.267274395134038 -0.4565633065100301
3.306854039729717 -0.4430414254398411
3.345881057345653 -0.4279988470100063
3.384354369130664 -0.4115900801382651
3.422295809011005 -0.3939862151508057
3.459671845421778 -0.3752110158354522
3.496542653559635 -0.3554610984417093
3.532921749867968 -0.3348198712528682
3.568805963215802 -0.3133290153149147
3.604284070568169 -0.2911736184971678
3.639342244498648 -0.2683598469204247
3.67401187229413 -0.2449593337967163
3.708385462189113 -0.2211258480134998
3.742432106284806 -0.1968277593137728
3.776200183656157 -0.1721437142137087
3.809781383865808 -0.1472059152486362
3.843136366470663 -0.1219664370112149
3.876317734185049 -0.0964989835544902
3.909417509717682 -0.07092552915799397
3.942393976041217 -0.04519331265238213
3.97529654399629 -0.01936660923947451
4.008219040404371 0.006434676487457444
4.041122248955761 0.03226056418726786
4.074049146866668 0.05805622185007598
4.107095615316974 0.08369844187908697
4.140227779370551 0.1092299177536442
4.173483153403268 0.1346005906307234
4.206958728210949 0.1596798354377961
4.240625056784456 0.184502578107173
4.274519477456979 0.209012722655367
4.308737393557478 0.2330689228880861
4.343249462957098 0.2567013718862202
4.378100578477271 0.2798304980968541
4.413377553483089 0.3023044512829914
4.449047677878685 0.3241491279873777
4.485167888954332 0.3452405354557119
4.521801155146487 0.3654275901750982
4.558914910064253 0.3847166207487031
4.596570012227307 0.4029249906923149
4.634780964001135 0.419936384198687
4.673526023892808 0.4356919559057498
4.712836636612979 0.4499764661894776
4.752669274358439 0.4627330580167848
4.793001538912509 0.4738063398625131
4.833793187627673 0.4830446976298468
4.87496739940838 0.4903896260548094
4.916467743737309 0.4955565294815537
4.95821821942306 0.4980459148122951