60 23 70
6 62 117
60 70 71
152 58 167
72 74 168
151 63 190
63 151 198
58 165 167
117 62 201
68 151 190
151 68 209
117 166 207
52 147 213
150 65 152
166 117 201
69 178 211
196 36 213
119 72 168
21 22 119
147 52 192
74 107 168
178 133 211
1 6 117
23 3 70
21 119 123
156 63 198
149 196 213
152 65 202
147 149 213
118 53 200
63 156 206
56 163 208
163 56 204
53 118 220
160 148 162
122 195 197
10 125 222
164 39 208
39 164 210
120 59 122
148 160 184
58 152 202
22 60 119
125 10 205
160 159 184
59 120 124
195 122 216
165 58 196
170 54 222
60 71 72
53 20 123
20 21 123
67 172 197
131 161 163
162 148 192
105 111 124
120 105 124
148 147 192
55 156 215
159 92 184
197 172 203
153 92 182
156 55 206
155 154 156
126 96 127
135 115 154
95 96 126
62 7 134
68 193 209
161 131 173
136 154 155
73 115 135
127 132 157
123 119 168
124 111 125
125 170 222
126 127 157
73 71 115
22 23 60
136 135 154
109 100 116
6 7 62
94 161 173
175 55 215
72 71 73
89 135 136
42 66 158
89 75 135
92 153 184
150 146 151
90 91 95
100 95 126
94 159 160
94 88 159
146 138 155
75 73 135
95 91 96
92 83 182
116 126 157
145 138 146
116 100 126
127 129 132
182 79 186
90 88 91
8 54 134
175 215 225
138 136 155
132 129 133
88 85 159
77 75 89
94 160 161
164 162 192
7 8 134
128 96 173
86 88 90
145 146 150
165 141 167
127 96 128
56 41 158
32 33 65
42 43 66
153 182 186
170 111 188
85 92 159
131 128 173
161 162 163
97 95 100
40 41 56
86 85 88
127 128 129
143 141 165
161 160 162
91 88 94
34 35 58
149 143 165
41 42 158
84 83 85
85 83 92
99 87 169
137 136 138
109 116 166
108 100 109
125 111 170
84 85 86
174 93 180
103 99 169
89 137 177
8 9 54
147 143 149
89 136 137
139 138 145
131 163 204
91 94 173
137 140 177
105 103 106
106 103 169
60 72 119
163 162 164
19 53 171
82 80 83
19 20 53
145 152 167
61 18 171
169 174 180
76 75 77
54 170 199
18 19 171
78 77 79
82 83 84
17 18 61
67 16 172
74 73 75
17 61 172
11 12 59
172 61 203
16 17 172
15 16 67
90 95 97
144 147 148
139 145 167
105 106 111
129 128 130
145 150 152
144 143 147
180 187 188
72 73 74
137 138 139
142 141 143
141 139 167
79 77 177
96 91 173
78 79 80
76 77 78
169 87 174
102 99 103
77 89 177
140 139 141
74 75 76
37 38 52
101 114 118
104 103 105
121 120 122
113 170 188
104 120 121
142 143 144
82 84 174
84 86 93
104 105 120
102 103 104
81 80 82
25 26 55
140 141 142
83 80 182
27 28 63
101 102 114
81 82 87
142 144 153
78 80 81
137 139 140
101 99 102
104 121 176
81 87 98
87 82 174
47 48 64
106 169 180
130 128 131
102 104 176
114 102 176
74 76 107
84 93 174
98 87 99
97 100 108
98 99 101
48 49 181
107 179 185
46 47 178
76 78 179
49 50 57
90 97 183
187 113 188
79 177 186
29 30 68
45 46 69
179 98 185
101 118 185
86 90 183
78 81 179
107 76 179
81 98 179
140 142 186
110 112 113
111 106 188
144 148 184
80 79 182
153 144 184
177 140 186
24 25 175
93 86 183
110 108 112
64 48 181
97 110 183
47 64 178
49 57 181
31 32 193
43 44 194
97 108 110
69 46 178
25 55 175
155 156 198
151 146 198
98 101 185
142 153 186
56 158 204
163 164 208
129 130 191
180 93 187
51 1 117
3 24 70
203 61 212
63 28 190
29 68 190
62 189 201
28 29 190
110 113 187
108 109 189
122 59 216
93 183 187
112 108 189
71 70 225
133 129 191
106 180 188
70 24 175
35 36 196
183 110 187
61 171 212
65 150 209
59 124 205
32 65 193
57 166 214
66 43 194
53 123 200
156 154 215
109 166 201
65 33 202
204 158 226
34 58 202
134 54 199
166 116 214
11 59 205
149 165 196
212 171 220
181 214 221
13 14 195
181 57 214
39 40 208
55 26 206
38 39 210
195 67 197
58 35 196
27 63 206
166 57 207
36 37 213
59 12 216
9 10 222
66 194 211
191 66 211
57 50 207
164 192 210
171 53 220
170 113 199
194 69 211
14 2 217
2 15 217
4 31 218
44 5 219
146 155 198
121 122 197
185 118 224
51 117 207
30 4 218
5 45 219
134 199 223
121 197 203
13 195 216
123 168 200
113 112 199
70 175 225
124 125 205
64 221 227
64 181 221
33 34 202
189 109 201
192 52 210
10 11 205
176 121 203
130 131 204
158 66 226
118 200 224
31 193 218
194 44 219
26 27 206
133 178 227
62 134 223
130 204 226
50 51 207
199 112 223
193 65 209
40 56 208
176 203 212
150 151 209
154 115 215
215 115 225
193 68 218
69 194 219
116 157 214
52 38 210
214 157 221
66 191 226
37 52 213
114 176 212
157 132 221
115 71 225
178 64 227
168 107 224
133 191 211
114 212 220
15 67 217
12 13 216
221 132 227
189 62 223
132 133 227
118 114 220
54 9 222
68 30 218
45 69 219
191 130 226
107 185 224
112 189 223
67 195 217
195 14 217
200 168 224