0. 1.
0.10509540153158746 0.8949045984684126
0.21019080306317492 0.7898091969368253
0.3129246129439958 0.6870753870560042
0.4109352395232811 0.5890647604767187
0.49949949949947264 0.500500500500475
0.5880637594757165 0.4119362405242835
0.6860743860550009 0.3139256139449989
0.7888081959358226 0.21119180406417715
0.8939035974674112 0.10609640253258858
0.9989989989989991 0.0010010010010009784
1.001001001001001 0.0010010010010010895
1.1060964025325881 0.10609640253258874
1.2111918040641763 0.21119180406417615
1.3139256139449969 0.31392561394499685
1.4119362405242841 0.41193624052428424
1.5005005005003442 0.5005005005003316
1.5890647604767256 0.5890647604767257
1.687075387056013 0.6870753870560131
1.7898091969368315 0.7898091969368315
1.8949045984684156 0.8949045984684156
2. 1.