0. 0.
0.08 0.
0.16 0.
0.24 0.
0.32 0.
0.4 0.
0.48 0.
0.56 0.
0.64 0.
0.72 0.
0.8 0.
0.88 0.
0.96 0.
1.04 0.
1.12 0.
1.2 0.
1.28 0.
1.36 0.
1.44 0.
1.52 0.
1.6 0.
1.68 0.
1.76 0.
1.84 0.
1.92 0.
2 0.
2.08 0.
2.16 0.
2.24 0.
2.32 0.
2.4 0.
2.48 0.
2.56 0.
2.64 0.
2.72 0.
2.8 0.
2.88 0.
2.96 0.
3.04 0.
3.12 0.
3.2 0.
3.28 0.
3.36 0.
3.44 0.
3.52 0.
3.6 0.
3.68 0.
3.76 0.
3.84 0.
3.92 0.
4 0.
0. 0.02
0.08 0.02
0.16 0.02
0.24 0.02
0.32 0.02
0.4 0.02
0.48 0.02
0.56 0.02
0.64 0.02
0.72 0.02
0.8 0.02
0.88 0.02
0.96 0.02
1.04 0.02
1.12 0.02
1.2 0.02
1.28 0.02
1.36 0.02
1.44 0.02
1.52 0.02
1.6 0.02
1.68 0.02
1.76 0.02
1.84 0.02
1.92 0.02
2 0.02
2.08 0.02
2.16 0.02
2.24 0.02
2.32 0.02
2.4 0.02
2.48 0.02
2.56 0.02
2.64 0.02
2.72 0.02
2.8 0.02
2.88 0.02
2.96 0.02
3.04 0.02
3.12 0.02
3.2 0.02
3.28 0.02
3.36 0.02
3.44 0.02
3.52 0.02
3.6 0.02
3.68 0.02
3.76 0.02
3.84 0.02
3.92 0.02
4 0.02
0. 0.04
0.08 0.04
0.16 0.04
0.24 0.04
0.32 0.04
0.4 0.04
0.48 0.04
0.56 0.04
0.64 0.04
0.72 0.04
0.8 0.04
0.88 0.04
0.96 0.04
1.04 0.04
1.12 0.04
1.2 0.04
1.28 0.04
1.36 0.04
1.44 0.04
1.52 0.04
1.6 0.04
1.68 0.04
1.76 0.04
1.84 0.04
1.92 0.04
2 0.04
2.08 0.04
2.16 0.04
2.24 0.04
2.32 0.04
2.4 0.04
2.48 0.04
2.56 0.04
2.64 0.04
2.72 0.04
2.8 0.04
2.88 0.04
2.96 0.04
3.04 0.04
3.12 0.04
3.2 0.04
3.28 0.04
3.36 0.04
3.44 0.04
3.52 0.04
3.6 0.04
3.68 0.04
3.76 0.04
3.84 0.04
3.92 0.04
4 0.04
0. 0.06
0.08 0.06
0.16 0.06
0.24 0.06
0.32 0.06
0.4 0.06
0.48 0.06
0.56 0.06
0.64 0.06
0.72 0.06
0.8 0.06
0.88 0.06
0.96 0.06
1.04 0.06
1.12 0.06
1.2 0.06
1.28 0.06
1.36 0.06
1.44 0.06
1.52 0.06
1.6 0.06
1.68 0.06
1.76 0.06
1.84 0.06
1.92 0.06
2 0.06
2.08 0.06
2.16 0.06
2.24 0.06
2.32 0.06
2.4 0.06
2.48 0.06
2.56 0.06
2.64 0.06
2.72 0.06
2.8 0.06
2.88 0.06
2.96 0.06
3.04 0.06
3.12 0.06
3.2 0.06
3.28 0.06
3.36 0.06
3.44 0.06
3.52 0.06
3.6 0.06
3.68 0.06
3.76 0.06
3.84 0.06
3.92 0.06
4 0.06
0. 0.08
0.08 0.08
0.16 0.08
0.24 0.08
0.32 0.08
0.4 0.08
0.48 0.08
0.56 0.08
0.64 0.08
0.72 0.08
0.8 0.08
0.88 0.08
0.96 0.08
1.04 0.08
1.12 0.08
1.2 0.08
1.28 0.08
1.36 0.08
1.44 0.08
1.52 0.08
1.6 0.08
1.68 0.08
1.76 0.08
1.84 0.08
1.92 0.08
2 0.08
2.08 0.08
2.16 0.08
2.24 0.08
2.32 0.08
2.4 0.08
2.48 0.08
2.56 0.08
2.64 0.08
2.72 0.08
2.8 0.08
2.88 0.08
2.96 0.08
3.04 0.08
3.12 0.08
3.2 0.08
3.28 0.08
3.36 0.08
3.44 0.08
3.52 0.08
3.6 0.08
3.68 0.08
3.76 0.08
3.84 0.08
3.92 0.08
4 0.08
0. 0.1
0.08 0.1
0.16 0.1
0.24 0.1
0.32 0.1
0.4 0.1
0.48 0.1
0.56 0.1
0.64 0.1
0.72 0.1
0.8 0.1
0.88 0.1
0.96 0.1
1.04 0.1
1.12 0.1
1.2 0.1
1.28 0.1
1.36 0.1
1.44 0.1
1.52 0.1
1.6 0.1
1.68 0.1
1.76 0.1
1.84 0.1
1.92 0.1
2 0.1
2.08 0.1
2.16 0.1
2.24 0.1
2.32 0.1
2.4 0.1
2.48 0.1
2.56 0.1
2.64 0.1
2.72 0.1
2.8 0.1
2.88 0.1
2.96 0.1
3.04 0.1
3.12 0.1
3.2 0.1
3.28 0.1
3.36 0.1
3.44 0.1
3.52 0.1
3.6 0.1
3.68 0.1
3.76 0.1
3.84 0.1
3.92 0.1
4 0.1
0. 0.12
0.08 0.12
0.16 0.12
0.24 0.12
0.32 0.12
0.4 0.12
0.48 0.12
0.56 0.12
0.64 0.12
0.72 0.12
0.8 0.12
0.88 0.12
0.96 0.12
1.04 0.12
1.12 0.12
1.2 0.12
1.28 0.12
1.36 0.12
1.44 0.12
1.52 0.12
1.6 0.12
1.68 0.12
1.76 0.12
1.84 0.12
1.92 0.12
2 0.12
2.08 0.12
2.16 0.12
2.24 0.12
2.32 0.12
2.4 0.12
2.48 0.12
2.56 0.12
2.64 0.12
2.72 0.12
2.8 0.12
2.88 0.12
2.96 0.12
3.04 0.12
3.12 0.12
3.2 0.12
3.28 0.12
3.36 0.12
3.44 0.12
3.52 0.12
3.6 0.12
3.68 0.12
3.76 0.12
3.84 0.12
3.92 0.12
4 0.12
0. 0.14
0.08 0.14
0.16 0.14
0.24 0.14
0.32 0.14
0.4 0.14
0.48 0.14
0.56 0.14
0.64 0.14
0.72 0.14
0.8 0.14
0.88 0.14
0.96 0.14
1.04 0.14
1.12 0.14
1.2 0.14
1.28 0.14
1.36 0.14
1.44 0.14
1.52 0.14
1.6 0.14
1.68 0.14
1.76 0.14
1.84 0.14
1.92 0.14
2 0.14
2.08 0.14
2.16 0.14
2.24 0.14
2.32 0.14
2.4 0.14
2.48 0.14
2.56 0.14
2.64 0.14
2.72 0.14
2.8 0.14
2.88 0.14
2.96 0.14
3.04 0.14
3.12 0.14
3.2 0.14
3.28 0.14
3.36 0.14
3.44 0.14
3.52 0.14
3.6 0.14
3.68 0.14
3.76 0.14
3.84 0.14
3.92 0.14
4 0.14
0. 0.16
0.08 0.16
0.16 0.16
0.24 0.16
0.32 0.16
0.4 0.16
0.48 0.16
0.56 0.16
0.64 0.16
0.72 0.16
0.8 0.16
0.88 0.16
0.96 0.16
1.04 0.16
1.12 0.16
1.2 0.16
1.28 0.16
1.36 0.16
1.44 0.16
1.52 0.16
1.6 0.16
1.68 0.16
1.76 0.16
1.84 0.16
1.92 0.16
2 0.16
2.08 0.16
2.16 0.16
2.24 0.16
2.32 0.16
2.4 0.16
2.48 0.16
2.56 0.16
2.64 0.16
2.72 0.16
2.8 0.16
2.88 0.16
2.96 0.16
3.04 0.16
3.12 0.16
3.2 0.16
3.28 0.16
3.36 0.16
3.44 0.16
3.52 0.16
3.6 0.16
3.68 0.16
3.76 0.16
3.84 0.16
3.92 0.16
4 0.16
0. 0.18
0.08 0.18
0.16 0.18
0.24 0.18
0.32 0.18
0.4 0.18
0.48 0.18
0.56 0.18
0.64 0.18
0.72 0.18
0.8 0.18
0.88 0.18
0.96 0.18
1.04 0.18
1.12 0.18
1.2 0.18
1.28 0.18
1.36 0.18
1.44 0.18
1.52 0.18
1.6 0.18
1.68 0.18
1.76 0.18
1.84 0.18
1.92 0.18
2 0.18
2.08 0.18
2.16 0.18
2.24 0.18
2.32 0.18
2.4 0.18
2.48 0.18
2.56 0.18
2.64 0.18
2.72 0.18
2.8 0.18
2.88 0.18
2.96 0.18
3.04 0.18
3.12 0.18
3.2 0.18
3.28 0.18
3.36 0.18
3.44 0.18
3.52 0.18
3.6 0.18
3.68 0.18
3.76 0.18
3.84 0.18
3.92 0.18
4 0.18
0. 0.2
0.08 0.2
0.16 0.2
0.24 0.2
0.32 0.2
0.4 0.2
0.48 0.2
0.56 0.2
0.64 0.2
0.72 0.2
0.8 0.2
0.88 0.2
0.96 0.2
1.04 0.2
1.12 0.2
1.2 0.2
1.28 0.2
1.36 0.2
1.44 0.2
1.52 0.2
1.6 0.2
1.68 0.2
1.76 0.2
1.84 0.2
1.92 0.2
2 0.2
2.08 0.2
2.16 0.2
2.24 0.2
2.32 0.2
2.4 0.2
2.48 0.2
2.56 0.2
2.64 0.2
2.72 0.2
2.8 0.2
2.88 0.2
2.96 0.2
3.04 0.2
3.12 0.2
3.2 0.2
3.28 0.2
3.36 0.2
3.44 0.2
3.52 0.2
3.6 0.2
3.68 0.2
3.76 0.2
3.84 0.2
3.92 0.2
4 0.2
0. 0.22
0.08 0.22
0.16 0.22
0.24 0.22
0.32 0.22
0.4 0.22
0.48 0.22
0.56 0.22
0.64 0.22
0.72 0.22
0.8 0.22
0.88 0.22
0.96 0.22
1.04 0.22
1.12 0.22
1.2 0.22
1.28 0.22
1.36 0.22
1.44 0.22
1.52 0.22
1.6 0.22
1.68 0.22
1.76 0.22
1.84 0.22
1.92 0.22
2 0.22
2.08 0.22
2.16 0.22
2.24 0.22
2.32 0.22
2.4 0.22
2.48 0.22
2.56 0.22
2.64 0.22
2.72 0.22
2.8 0.22
2.88 0.22
2.96 0.22
3.04 0.22
3.12 0.22
3.2 0.22
3.28 0.22
3.36 0.22
3.44 0.22
3.52 0.22
3.6 0.22
3.68 0.22
3.76 0.22
3.84 0.22
3.92 0.22
4 0.22
0. 0.24
0.08 0.24
0.16 0.24
0.24 0.24
0.32 0.24
0.4 0.24
0.48 0.24
0.56 0.24
0.64 0.24
0.72 0.24
0.8 0.24
0.88 0.24
0.96 0.24
1.04 0.24
1.12 0.24
1.2 0.24
1.28 0.24
1.36 0.24
1.44 0.24
1.52 0.24
1.6 0.24
1.68 0.24
1.76 0.24
1.84 0.24
1.92 0.24
2 0.24
2.08 0.24
2.16 0.24
2.24 0.24
2.32 0.24
2.4 0.24
2.48 0.24
2.56 0.24
2.64 0.24
2.72 0.24
2.8 0.24
2.88 0.24
2.96 0.24
3.04 0.24
3.12 0.24
3.2 0.24
3.28 0.24
3.36 0.24
3.44 0.24
3.52 0.24
3.6 0.24
3.68 0.24
3.76 0.24
3.84 0.24
3.92 0.24
4 0.24
0. 0.26
0.08 0.26
0.16 0.26
0.24 0.26
0.32 0.26
0.4 0.26
0.48 0.26
0.56 0.26
0.64 0.26
0.72 0.26
0.8 0.26
0.88 0.26
0.96 0.26
1.04 0.26
1.12 0.26
1.2 0.26
1.28 0.26
1.36 0.26
1.44 0.26
1.52 0.26
1.6 0.26
1.68 0.26
1.76 0.26
1.84 0.26
1.92 0.26
2 0.26
2.08 0.26
2.16 0.26
2.24 0.26
2.32 0.26
2.4 0.26
2.48 0.26
2.56 0.26
2.64 0.26
2.72 0.26
2.8 0.26
2.88 0.26
2.96 0.26
3.04 0.26
3.12 0.26
3.2 0.26
3.28 0.26
3.36 0.26
3.44 0.26
3.52 0.26
3.6 0.26
3.68 0.26
3.76 0.26
3.84 0.26
3.92 0.26
4 0.26
0. 0.28
0.08 0.28
0.16 0.28
0.24 0.28
0.32 0.28
0.4 0.28
0.48 0.28
0.56 0.28
0.64 0.28
0.72 0.28
0.8 0.28
0.88 0.28
0.96 0.28
1.04 0.28
1.12 0.28
1.2 0.28
1.28 0.28
1.36 0.28
1.44 0.28
1.52 0.28
1.6 0.28
1.68 0.28
1.76 0.28
1.84 0.28
1.92 0.28
2 0.28
2.08 0.28
2.16 0.28
2.24 0.28
2.32 0.28
2.4 0.28
2.48 0.28
2.56 0.28
2.64 0.28
2.72 0.28
2.8 0.28
2.88 0.28
2.96 0.28
3.04 0.28
3.12 0.28
3.2 0.28
3.28 0.28
3.36 0.28
3.44 0.28
3.52 0.28
3.6 0.28
3.68 0.28
3.76 0.28
3.84 0.28
3.92 0.28
4 0.28
0. 0.3
0.08 0.3
0.16 0.3
0.24 0.3
0.32 0.3
0.4 0.3
0.48 0.3
0.56 0.3
0.64 0.3
0.72 0.3
0.8 0.3
0.88 0.3
0.96 0.3
1.04 0.3
1.12 0.3
1.2 0.3
1.28 0.3
1.36 0.3
1.44 0.3
1.52 0.3
1.6 0.3
1.68 0.3
1.76 0.3
1.84 0.3
1.92 0.3
2 0.3
2.08 0.3
2.16 0.3
2.24 0.3
2.32 0.3
2.4 0.3
2.48 0.3
2.56 0.3
2.64 0.3
2.72 0.3
2.8 0.3
2.88 0.3
2.96 0.3
3.04 0.3
3.12 0.3
3.2 0.3
3.28 0.3
3.36 0.3
3.44 0.3
3.52 0.3
3.6 0.3
3.68 0.3
3.76 0.3
3.84 0.3
3.92 0.3
4 0.3
0. 0.32
0.08 0.32
0.16 0.32
0.24 0.32
0.32 0.32
0.4 0.32
0.48 0.32
0.56 0.32
0.64 0.32
0.72 0.32
0.8 0.32
0.88 0.32
0.96 0.32
1.04 0.32
1.12 0.32
1.2 0.32
1.28 0.32
1.36 0.32
1.44 0.32
1.52 0.32
1.6 0.32
1.68 0.32
1.76 0.32
1.84 0.32
1.92 0.32
2 0.32
2.08 0.32
2.16 0.32
2.24 0.32
2.32 0.32
2.4 0.32
2.48 0.32
2.56 0.32
2.64 0.32
2.72 0.32
2.8 0.32
2.88 0.32
2.96 0.32
3.04 0.32
3.12 0.32
3.2 0.32
3.28 0.32
3.36 0.32
3.44 0.32
3.52 0.32
3.6 0.32
3.68 0.32
3.76 0.32
3.84 0.32
3.92 0.32
4 0.32
0. 0.34
0.08 0.34
0.16 0.34
0.24 0.34
0.32 0.34
0.4 0.34
0.48 0.34
0.56 0.34
0.64 0.34
0.72 0.34
0.8 0.34
0.88 0.34
0.96 0.34
1.04 0.34
1.12 0.34
1.2 0.34
1.28 0.34
1.36 0.34
1.44 0.34
1.52 0.34
1.6 0.34
1.68 0.34
1.76 0.34
1.84 0.34
1.92 0.34
2 0.34
2.08 0.34
2.16 0.34
2.24 0.34
2.32 0.34
2.4 0.34
2.48 0.34
2.56 0.34
2.64 0.34
2.72 0.34
2.8 0.34
2.88 0.34
2.96 0.34
3.04 0.34
3.12 0.34
3.2 0.34
3.28 0.34
3.36 0.34
3.44 0.34
3.52 0.34
3.6 0.34
3.68 0.34
3.76 0.34
3.84 0.34
3.92 0.34
4 0.34
0. 0.36
0.08 0.36
0.16 0.36
0.24 0.36
0.32 0.36
0.4 0.36
0.48 0.36
0.56 0.36
0.64 0.36
0.72 0.36
0.8 0.36
0.88 0.36
0.96 0.36
1.04 0.36
1.12 0.36
1.2 0.36
1.28 0.36
1.36 0.36
1.44 0.36
1.52 0.36
1.6 0.36
1.68 0.36
1.76 0.36
1.84 0.36
1.92 0.36
2 0.36
2.08 0.36
2.16 0.36
2.24 0.36
2.32 0.36
2.4 0.36
2.48 0.36
2.56 0.36
2.64 0.36
2.72 0.36
2.8 0.36
2.88 0.36
2.96 0.36
3.04 0.36
3.12 0.36
3.2 0.36
3.28 0.36
3.36 0.36
3.44 0.36
3.52 0.36
3.6 0.36
3.68 0.36
3.76 0.36
3.84 0.36
3.92 0.36
4 0.36
0. 0.38
0.08 0.38
0.16 0.38
0.24 0.38
0.32 0.38
0.4 0.38
0.48 0.38
0.56 0.38
0.64 0.38
0.72 0.38
0.8 0.38
0.88 0.38
0.96 0.38
1.04 0.38
1.12 0.38
1.2 0.38
1.28 0.38
1.36 0.38
1.44 0.38
1.52 0.38
1.6 0.38
1.68 0.38
1.76 0.38
1.84 0.38
1.92 0.38
2 0.38
2.08 0.38
2.16 0.38
2.24 0.38
2.32 0.38
2.4 0.38
2.48 0.38
2.56 0.38
2.64 0.38
2.72 0.38
2.8 0.38
2.88 0.38
2.96 0.38
3.04 0.38
3.12 0.38
3.2 0.38
3.28 0.38
3.36 0.38
3.44 0.38
3.52 0.38
3.6 0.38
3.68 0.38
3.76 0.38
3.84 0.38
3.92 0.38
4 0.38
0. 0.4
0.08 0.4
0.16 0.4
0.24 0.4
0.32 0.4
0.4 0.4
0.48 0.4
0.56 0.4
0.64 0.4
0.72 0.4
0.8 0.4
0.88 0.4
0.96 0.4
1.04 0.4
1.12 0.4
1.2 0.4
1.28 0.4
1.36 0.4
1.44 0.4
1.52 0.4
1.6 0.4
1.68 0.4
1.76 0.4
1.84 0.4
1.92 0.4
2 0.4
2.08 0.4
2.16 0.4
2.24 0.4
2.32 0.4
2.4 0.4
2.48 0.4
2.56 0.4
2.64 0.4
2.72 0.4
2.8 0.4
2.88 0.4
2.96 0.4
3.04 0.4
3.12 0.4
3.2 0.4
3.28 0.4
3.36 0.4
3.44 0.4
3.52 0.4
3.6 0.4
3.68 0.4
3.76 0.4
3.84 0.4
3.92 0.4
4 0.4
0. 0.42
0.08 0.42
0.16 0.42
0.24 0.42
0.32 0.42
0.4 0.42
0.48 0.42
0.56 0.42
0.64 0.42
0.72 0.42
0.8 0.42
0.88 0.42
0.96 0.42
1.04 0.42
1.12 0.42
1.2 0.42
1.28 0.42
1.36 0.42
1.44 0.42
1.52 0.42
1.6 0.42
1.68 0.42
1.76 0.42
1.84 0.42
1.92 0.42
2 0.42
2.08 0.42
2.16 0.42
2.24 0.42
2.32 0.42
2.4 0.42
2.48 0.42
2.56 0.42
2.64 0.42
2.72 0.42
2.8 0.42
2.88 0.42
2.96 0.42
3.04 0.42
3.12 0.42
3.2 0.42
3.28 0.42
3.36 0.42
3.44 0.42
3.52 0.42
3.6 0.42
3.68 0.42
3.76 0.42
3.84 0.42
3.92 0.42
4 0.42
0. 0.44
0.08 0.44
0.16 0.44
0.24 0.44
0.32 0.44
0.4 0.44
0.48 0.44
0.56 0.44
0.64 0.44
0.72 0.44
0.8 0.44
0.88 0.44
0.96 0.44
1.04 0.44
1.12 0.44
1.2 0.44
1.28 0.44
1.36 0.44
1.44 0.44
1.52 0.44
1.6 0.44
1.68 0.44
1.76 0.44
1.84 0.44
1.92 0.44
2 0.44
2.08 0.44
2.16 0.44
2.24 0.44
2.32 0.44
2.4 0.44
2.48 0.44
2.56 0.44
2.64 0.44
2.72 0.44
2.8 0.44
2.88 0.44
2.96 0.44
3.04 0.44
3.12 0.44
3.2 0.44
3.28 0.44
3.36 0.44
3.44 0.44
3.52 0.44
3.6 0.44
3.68 0.44
3.76 0.44
3.84 0.44
3.92 0.44
4 0.44
0. 0.46
0.08 0.46
0.16 0.46
0.24 0.46
0.32 0.46
0.4 0.46
0.48 0.46
0.56 0.46
0.64 0.46
0.72 0.46
0.8 0.46
0.88 0.46
0.96 0.46
1.04 0.46
1.12 0.46
1.2 0.46
1.28 0.46
1.36 0.46
1.44 0.46
1.52 0.46
1.6 0.46
1.68 0.46
1.76 0.46
1.84 0.46
1.92 0.46
2 0.46
2.08 0.46
2.16 0.46
2.24 0.46
2.32 0.46
2.4 0.46
2.48 0.46
2.56 0.46
2.64 0.46
2.72 0.46
2.8 0.46
2.88 0.46
2.96 0.46
3.04 0.46
3.12 0.46
3.2 0.46
3.28 0.46
3.36 0.46
3.44 0.46
3.52 0.46
3.6 0.46
3.68 0.46
3.76 0.46
3.84 0.46
3.92 0.46
4 0.46
0. 0.48
0.08 0.48
0.16 0.48
0.24 0.48
0.32 0.48
0.4 0.48
0.48 0.48
0.56 0.48
0.64 0.48
0.72 0.48
0.8 0.48
0.88 0.48
0.96 0.48
1.04 0.48
1.12 0.48
1.2 0.48
1.28 0.48
1.36 0.48
1.44 0.48
1.52 0.48
1.6 0.48
1.68 0.48
1.76 0.48
1.84 0.48
1.92 0.48
2 0.48
2.08 0.48
2.16 0.48
2.24 0.48
2.32 0.48
2.4 0.48
2.48 0.48
2.56 0.48
2.64 0.48
2.72 0.48
2.8 0.48
2.88 0.48
2.96 0.48
3.04 0.48
3.12 0.48
3.2 0.48
3.28 0.48
3.36 0.48
3.44 0.48
3.52 0.48
3.6 0.48
3.68 0.48
3.76 0.48
3.84 0.48
3.92 0.48
4 0.48
0. 0.5
0.08 0.5
0.16 0.5
0.24 0.5
0.32 0.5
0.4 0.5
0.48 0.5
0.56 0.5
0.64 0.5
0.72 0.5
0.8 0.5
0.88 0.5
0.96 0.5
1.04 0.5
1.12 0.5
1.2 0.5
1.28 0.5
1.36 0.5
1.44 0.5
1.52 0.5
1.6 0.5
1.68 0.5
1.76 0.5
1.84 0.5
1.92 0.5
2 0.5
2.08 0.5
2.16 0.5
2.24 0.5
2.32 0.5
2.4 0.5
2.48 0.5
2.56 0.5
2.64 0.5
2.72 0.5
2.8 0.5
2.88 0.5
2.96 0.5
3.04 0.5
3.12 0.5
3.2 0.5
3.28 0.5
3.36 0.5
3.44 0.5
3.52 0.5
3.6 0.5
3.68 0.5
3.76 0.5
3.84 0.5
3.92 0.5
4 0.5
0. 0.52
0.08 0.52
0.16 0.52
0.24 0.52
0.32 0.52
0.4 0.52
0.48 0.52
0.56 0.52
0.64 0.52
0.72 0.52
0.8 0.52
0.88 0.52
0.96 0.52
1.04 0.52
1.12 0.52
1.2 0.52
1.28 0.52
1.36 0.52
1.44 0.52
1.52 0.52
1.6 0.52
1.68 0.52
1.76 0.52
1.84 0.52
1.92 0.52
2 0.52
2.08 0.52
2.16 0.52
2.24 0.52
2.32 0.52
2.4 0.52
2.48 0.52
2.56 0.52
2.64 0.52
2.72 0.52
2.8 0.52
2.88 0.52
2.96 0.52
3.04 0.52
3.12 0.52
3.2 0.52
3.28 0.52
3.36 0.52
3.44 0.52
3.52 0.52
3.6 0.52
3.68 0.52
3.76 0.52
3.84 0.52
3.92 0.52
4 0.52
0. 0.54
0.08 0.54
0.16 0.54
0.24 0.54
0.32 0.54
0.4 0.54
0.48 0.54
0.56 0.54
0.64 0.54
0.72 0.54
0.8 0.54
0.88 0.54
0.96 0.54
1.04 0.54
1.12 0.54
1.2 0.54
1.28 0.54
1.36 0.54
1.44 0.54
1.52 0.54
1.6 0.54
1.68 0.54
1.76 0.54
1.84 0.54
1.92 0.54
2 0.54
2.08 0.54
2.16 0.54
2.24 0.54
2.32 0.54
2.4 0.54
2.48 0.54
2.56 0.54
2.64 0.54
2.72 0.54
2.8 0.54
2.88 0.54
2.96 0.54
3.04 0.54
3.12 0.54
3.2 0.54
3.28 0.54
3.36 0.54
3.44 0.54
3.52 0.54
3.6 0.54
3.68 0.54
3.76 0.54
3.84 0.54
3.92 0.54
4 0.54
0. 0.56
0.08 0.56
0.16 0.56
0.24 0.56
0.32 0.56
0.4 0.56
0.48 0.56
0.56 0.56
0.64 0.56
0.72 0.56
0.8 0.56
0.88 0.56
0.96 0.56
1.04 0.56
1.12 0.56
1.2 0.56
1.28 0.56
1.36 0.56
1.44 0.56
1.52 0.56
1.6 0.56
1.68 0.56
1.76 0.56
1.84 0.56
1.92 0.56
2 0.56
2.08 0.56
2.16 0.56
2.24 0.56
2.32 0.56
2.4 0.56
2.48 0.56
2.56 0.56
2.64 0.56
2.72 0.56
2.8 0.56
2.88 0.56
2.96 0.56
3.04 0.56
3.12 0.56
3.2 0.56
3.28 0.56
3.36 0.56
3.44 0.56
3.52 0.56
3.6 0.56
3.68 0.56
3.76 0.56
3.84 0.56
3.92 0.56
4 0.56
0. 0.58
0.08 0.58
0.16 0.58
0.24 0.58
0.32 0.58
0.4 0.58
0.48 0.58
0.56 0.58
0.64 0.58
0.72 0.58
0.8 0.58
0.88 0.58
0.96 0.58
1.04 0.58
1.12 0.58
1.2 0.58
1.28 0.58
1.36 0.58
1.44 0.58
1.52 0.58
1.6 0.58
1.68 0.58
1.76 0.58
1.84 0.58
1.92 0.58
2 0.58
2.08 0.58
2.16 0.58
2.24 0.58
2.32 0.58
2.4 0.58
2.48 0.58
2.56 0.58
2.64 0.58
2.72 0.58
2.8 0.58
2.88 0.58
2.96 0.58
3.04 0.58
3.12 0.58
3.2 0.58
3.28 0.58
3.36 0.58
3.44 0.58
3.52 0.58
3.6 0.58
3.68 0.58
3.76 0.58
3.84 0.58
3.92 0.58
4 0.58
0. 0.6
0.08 0.6
0.16 0.6
0.24 0.6
0.32 0.6
0.4 0.6
0.48 0.6
0.56 0.6
0.64 0.6
0.72 0.6
0.8 0.6
0.88 0.6
0.96 0.6
1.04 0.6
1.12 0.6
1.2 0.6
1.28 0.6
1.36 0.6
1.44 0.6
1.52 0.6
1.6 0.6
1.68 0.6
1.76 0.6
1.84 0.6
1.92 0.6
2 0.6
2.08 0.6
2.16 0.6
2.24 0.6
2.32 0.6
2.4 0.6
2.48 0.6
2.56 0.6
2.64 0.6
2.72 0.6
2.8 0.6
2.88 0.6
2.96 0.6
3.04 0.6
3.12 0.6
3.2 0.6
3.28 0.6
3.36 0.6
3.44 0.6
3.52 0.6
3.6 0.6
3.68 0.6
3.76 0.6
3.84 0.6
3.92 0.6
4 0.6
0. 0.62
0.08 0.62
0.16 0.62
0.24 0.62
0.32 0.62
0.4 0.62
0.48 0.62
0.56 0.62
0.64 0.62
0.72 0.62
0.8 0.62
0.88 0.62
0.96 0.62
1.04 0.62
1.12 0.62
1.2 0.62
1.28 0.62
1.36 0.62
1.44 0.62
1.52 0.62
1.6 0.62
1.68 0.62
1.76 0.62
1.84 0.62
1.92 0.62
2 0.62
2.08 0.62
2.16 0.62
2.24 0.62
2.32 0.62
2.4 0.62
2.48 0.62
2.56 0.62
2.64 0.62
2.72 0.62
2.8 0.62
2.88 0.62
2.96 0.62
3.04 0.62
3.12 0.62
3.2 0.62
3.28 0.62
3.36 0.62
3.44 0.62
3.52 0.62
3.6 0.62
3.68 0.62
3.76 0.62
3.84 0.62
3.92 0.62
4 0.62
0. 0.64
0.08 0.64
0.16 0.64
0.24 0.64
0.32 0.64
0.4 0.64
0.48 0.64
0.56 0.64
0.64 0.64
0.72 0.64
0.8 0.64
0.88 0.64
0.96 0.64
1.04 0.64
1.12 0.64
1.2 0.64
1.28 0.64
1.36 0.64
1.44 0.64
1.52 0.64
1.6 0.64
1.68 0.64
1.76 0.64
1.84 0.64
1.92 0.64
2 0.64
2.08 0.64
2.16 0.64
2.24 0.64
2.32 0.64
2.4 0.64
2.48 0.64
2.56 0.64
2.64 0.64
2.72 0.64
2.8 0.64
2.88 0.64
2.96 0.64
3.04 0.64
3.12 0.64
3.2 0.64
3.28 0.64
3.36 0.64
3.44 0.64
3.52 0.64
3.6 0.64
3.68 0.64
3.76 0.64
3.84 0.64
3.92 0.64
4 0.64
0. 0.66
0.08 0.66
0.16 0.66
0.24 0.66
0.32 0.66
0.4 0.66
0.48 0.66
0.56 0.66
0.64 0.66
0.72 0.66
0.8 0.66
0.88 0.66
0.96 0.66
1.04 0.66
1.12 0.66
1.2 0.66
1.28 0.66
1.36 0.66
1.44 0.66
1.52 0.66
1.6 0.66
1.68 0.66
1.76 0.66
1.84 0.66
1.92 0.66
2 0.66
2.08 0.66
2.16 0.66
2.24 0.66
2.32 0.66
2.4 0.66
2.48 0.66
2.56 0.66
2.64 0.66
2.72 0.66
2.8 0.66
2.88 0.66
2.96 0.66
3.04 0.66
3.12 0.66
3.2 0.66
3.28 0.66
3.36 0.66
3.44 0.66
3.52 0.66
3.6 0.66
3.68 0.66
3.76 0.66
3.84 0.66
3.92 0.66
4 0.66
0. 0.68
0.08 0.68
0.16 0.68
0.24 0.68
0.32 0.68
0.4 0.68
0.48 0.68
0.56 0.68
0.64 0.68
0.72 0.68
0.8 0.68
0.88 0.68
0.96 0.68
1.04 0.68
1.12 0.68
1.2 0.68
1.28 0.68
1.36 0.68
1.44 0.68
1.52 0.68
1.6 0.68
1.68 0.68
1.76 0.68
1.84 0.68
1.92 0.68
2 0.68
2.08 0.68
2.16 0.68
2.24 0.68
2.32 0.68
2.4 0.68
2.48 0.68
2.56 0.68
2.64 0.68
2.72 0.68
2.8 0.68
2.88 0.68
2.96 0.68
3.04 0.68
3.12 0.68
3.2 0.68
3.28 0.68
3.36 0.68
3.44 0.68
3.52 0.68
3.6 0.68
3.68 0.68
3.76 0.68
3.84 0.68
3.92 0.68
4 0.68
0. 0.7
0.08 0.7
0.16 0.7
0.24 0.7
0.32 0.7
0.4 0.7
0.48 0.7
0.56 0.7
0.64 0.7
0.72 0.7
0.8 0.7
0.88 0.7
0.96 0.7
1.04 0.7
1.12 0.7
1.2 0.7
1.28 0.7
1.36 0.7
1.44 0.7
1.52 0.7
1.6 0.7
1.68 0.7
1.76 0.7
1.84 0.7
1.92 0.7
2 0.7
2.08 0.7
2.16 0.7
2.24 0.7
2.32 0.7
2.4 0.7
2.48 0.7
2.56 0.7
2.64 0.7
2.72 0.7
2.8 0.7
2.88 0.7
2.96 0.7
3.04 0.7
3.12 0.7
3.2 0.7
3.28 0.7
3.36 0.7
3.44 0.7
3.52 0.7
3.6 0.7
3.68 0.7
3.76 0.7
3.84 0.7
3.92 0.7
4 0.7
0. 0.72
0.08 0.72
0.16 0.72
0.24 0.72
0.32 0.72
0.4 0.72
0.48 0.72
0.56 0.72
0.64 0.72
0.72 0.72
0.8 0.72
0.88 0.72
0.96 0.72
1.04 0.72
1.12 0.72
1.2 0.72
1.28 0.72
1.36 0.72
1.44 0.72
1.52 0.72
1.6 0.72
1.68 0.72
1.76 0.72
1.84 0.72
1.92 0.72
2 0.72
2.08 0.72
2.16 0.72
2.24 0.72
2.32 0.72
2.4 0.72
2.48 0.72
2.56 0.72
2.64 0.72
2.72 0.72
2.8 0.72
2.88 0.72
2.96 0.72
3.04 0.72
3.12 0.72
3.2 0.72
3.28 0.72
3.36 0.72
3.44 0.72
3.52 0.72
3.6 0.72
3.68 0.72
3.76 0.72
3.84 0.72
3.92 0.72
4 0.72
0. 0.74
0.08 0.74
0.16 0.74
0.24 0.74
0.32 0.74
0.4 0.74
0.48 0.74
0.56 0.74
0.64 0.74
0.72 0.74
0.8 0.74
0.88 0.74
0.96 0.74
1.04 0.74
1.12 0.74
1.2 0.74
1.28 0.74
1.36 0.74
1.44 0.74
1.52 0.74
1.6 0.74
1.68 0.74
1.76 0.74
1.84 0.74
1.92 0.74
2 0.74
2.08 0.74
2.16 0.74
2.24 0.74
2.32 0.74
2.4 0.74
2.48 0.74
2.56 0.74
2.64 0.74
2.72 0.74
2.8 0.74
2.88 0.74
2.96 0.74
3.04 0.74
3.12 0.74
3.2 0.74
3.28 0.74
3.36 0.74
3.44 0.74
3.52 0.74
3.6 0.74
3.68 0.74
3.76 0.74
3.84 0.74
3.92 0.74
4 0.74
0. 0.76
0.08 0.76
0.16 0.76
0.24 0.76
0.32 0.76
0.4 0.76
0.48 0.76
0.56 0.76
0.64 0.76
0.72 0.76
0.8 0.76
0.88 0.76
0.96 0.76
1.04 0.76
1.12 0.76
1.2 0.76
1.28 0.76
1.36 0.76
1.44 0.76
1.52 0.76
1.6 0.76
1.68 0.76
1.76 0.76
1.84 0.76
1.92 0.76
2 0.76
2.08 0.76
2.16 0.76
2.24 0.76
2.32 0.76
2.4 0.76
2.48 0.76
2.56 0.76
2.64 0.76
2.72 0.76
2.8 0.76
2.88 0.76
2.96 0.76
3.04 0.76
3.12 0.76
3.2 0.76
3.28 0.76
3.36 0.76
3.44 0.76
3.52 0.76
3.6 0.76
3.68 0.76
3.76 0.76
3.84 0.76
3.92 0.76
4 0.76
0. 0.78
0.08 0.78
0.16 0.78
0.24 0.78
0.32 0.78
0.4 0.78
0.48 0.78
0.56 0.78
0.64 0.78
0.72 0.78
0.8 0.78
0.88 0.78
0.96 0.78
1.04 0.78
1.12 0.78
1.2 0.78
1.28 0.78
1.36 0.78
1.44 0.78
1.52 0.78
1.6 0.78
1.68 0.78
1.76 0.78
1.84 0.78
1.92 0.78
2 0.78
2.08 0.78
2.16 0.78
2.24 0.78
2.32 0.78
2.4 0.78
2.48 0.78
2.56 0.78
2.64 0.78
2.72 0.78
2.8 0.78
2.88 0.78
2.96 0.78
3.04 0.78
3.12 0.78
3.2 0.78
3.28 0.78
3.36 0.78
3.44 0.78
3.52 0.78
3.6 0.78
3.68 0.78
3.76 0.78
3.84 0.78
3.92 0.78
4 0.78
0. 0.8
0.08 0.8
0.16 0.8
0.24 0.8
0.32 0.8
0.4 0.8
0.48 0.8
0.56 0.8
0.64 0.8
0.72 0.8
0.8 0.8
0.88 0.8
0.96 0.8
1.04 0.8
1.12 0.8
1.2 0.8
1.28 0.8
1.36 0.8
1.44 0.8
1.52 0.8
1.6 0.8
1.68 0.8
1.76 0.8
1.84 0.8
1.92 0.8
2 0.8
2.08 0.8
2.16 0.8
2.24 0.8
2.32 0.8
2.4 0.8
2.48 0.8
2.56 0.8
2.64 0.8
2.72 0.8
2.8 0.8
2.88 0.8
2.96 0.8
3.04 0.8
3.12 0.8
3.2 0.8
3.28 0.8
3.36 0.8
3.44 0.8
3.52 0.8
3.6 0.8
3.68 0.8
3.76 0.8
3.84 0.8
3.92 0.8
4 0.8
0. 0.82
0.08 0.82
0.16 0.82
0.24 0.82
0.32 0.82
0.4 0.82
0.48 0.82
0.56 0.82
0.64 0.82
0.72 0.82
0.8 0.82
0.88 0.82
0.96 0.82
1.04 0.82
1.12 0.82
1.2 0.82
1.28 0.82
1.36 0.82
1.44 0.82
1.52 0.82
1.6 0.82
1.68 0.82
1.76 0.82
1.84 0.82
1.92 0.82
2 0.82
2.08 0.82
2.16 0.82
2.24 0.82
2.32 0.82
2.4 0.82
2.48 0.82
2.56 0.82
2.64 0.82
2.72 0.82
2.8 0.82
2.88 0.82
2.96 0.82
3.04 0.82
3.12 0.82
3.2 0.82
3.28 0.82
3.36 0.82
3.44 0.82
3.52 0.82
3.6 0.82
3.68 0.82
3.76 0.82
3.84 0.82
3.92 0.82
4 0.82
0. 0.84
0.08 0.84
0.16 0.84
0.24 0.84
0.32 0.84
0.4 0.84
0.48 0.84
0.56 0.84
0.64 0.84
0.72 0.84
0.8 0.84
0.88 0.84
0.96 0.84
1.04 0.84
1.12 0.84
1.2 0.84
1.28 0.84
1.36 0.84
1.44 0.84
1.52 0.84
1.6 0.84
1.68 0.84
1.76 0.84
1.84 0.84
1.92 0.84
2 0.84
2.08 0.84
2.16 0.84
2.24 0.84
2.32 0.84
2.4 0.84
2.48 0.84
2.56 0.84
2.64 0.84
2.72 0.84
2.8 0.84
2.88 0.84
2.96 0.84
3.04 0.84
3.12 0.84
3.2 0.84
3.28 0.84
3.36 0.84
3.44 0.84
3.52 0.84
3.6 0.84
3.68 0.84
3.76 0.84
3.84 0.84
3.92 0.84
4 0.84
0. 0.86
0.08 0.86
0.16 0.86
0.24 0.86
0.32 0.86
0.4 0.86
0.48 0.86
0.56 0.86
0.64 0.86
0.72 0.86
0.8 0.86
0.88 0.86
0.96 0.86
1.04 0.86
1.12 0.86
1.2 0.86
1.28 0.86
1.36 0.86
1.44 0.86
1.52 0.86
1.6 0.86
1.68 0.86
1.76 0.86
1.84 0.86
1.92 0.86
2 0.86
2.08 0.86
2.16 0.86
2.24 0.86
2.32 0.86
2.4 0.86
2.48 0.86
2.56 0.86
2.64 0.86
2.72 0.86
2.8 0.86
2.88 0.86
2.96 0.86
3.04 0.86
3.12 0.86
3.2 0.86
3.28 0.86
3.36 0.86
3.44 0.86
3.52 0.86
3.6 0.86
3.68 0.86
3.76 0.86
3.84 0.86
3.92 0.86
4 0.86
0. 0.88
0.08 0.88
0.16 0.88
0.24 0.88
0.32 0.88
0.4 0.88
0.48 0.88
0.56 0.88
0.64 0.88
0.72 0.88
0.8 0.88
0.88 0.88
0.96 0.88
1.04 0.88
1.12 0.88
1.2 0.88
1.28 0.88
1.36 0.88
1.44 0.88
1.52 0.88
1.6 0.88
1.68 0.88
1.76 0.88
1.84 0.88
1.92 0.88
2 0.88
2.08 0.88
2.16 0.88
2.24 0.88
2.32 0.88
2.4 0.88
2.48 0.88
2.56 0.88
2.64 0.88
2.72 0.88
2.8 0.88
2.88 0.88
2.96 0.88
3.04 0.88
3.12 0.88
3.2 0.88
3.28 0.88
3.36 0.88
3.44 0.88
3.52 0.88
3.6 0.88
3.68 0.88
3.76 0.88
3.84 0.88
3.92 0.88
4 0.88
0. 0.9
0.08 0.9
0.16 0.9
0.24 0.9
0.32 0.9
0.4 0.9
0.48 0.9
0.56 0.9
0.64 0.9
0.72 0.9
0.8 0.9
0.88 0.9
0.96 0.9
1.04 0.9
1.12 0.9
1.2 0.9
1.28 0.9
1.36 0.9
1.44 0.9
1.52 0.9
1.6 0.9
1.68 0.9
1.76 0.9
1.84 0.9
1.92 0.9
2 0.9
2.08 0.9
2.16 0.9
2.24 0.9
2.32 0.9
2.4 0.9
2.48 0.9
2.56 0.9
2.64 0.9
2.72 0.9
2.8 0.9
2.88 0.9
2.96 0.9
3.04 0.9
3.12 0.9
3.2 0.9
3.28 0.9
3.36 0.9
3.44 0.9
3.52 0.9
3.6 0.9
3.68 0.9
3.76 0.9
3.84 0.9
3.92 0.9
4 0.9
0. 0.92
0.08 0.92
0.16 0.92
0.24 0.92
0.32 0.92
0.4 0.92
0.48 0.92
0.56 0.92
0.64 0.92
0.72 0.92
0.8 0.92
0.88 0.92
0.96 0.92
1.04 0.92
1.12 0.92
1.2 0.92
1.28 0.92
1.36 0.92
1.44 0.92
1.52 0.92
1.6 0.92
1.68 0.92
1.76 0.92
1.84 0.92
1.92 0.92
2 0.92
2.08 0.92
2.16 0.92
2.24 0.92
2.32 0.92
2.4 0.92
2.48 0.92
2.56 0.92
2.64 0.92
2.72 0.92
2.8 0.92
2.88 0.92
2.96 0.92
3.04 0.92
3.12 0.92
3.2 0.92
3.28 0.92
3.36 0.92
3.44 0.92
3.52 0.92
3.6 0.92
3.68 0.92
3.76 0.92
3.84 0.92
3.92 0.92
4 0.92
0. 0.94
0.08 0.94
0.16 0.94
0.24 0.94
0.32 0.94
0.4 0.94
0.48 0.94
0.56 0.94
0.64 0.94
0.72 0.94
0.8 0.94
0.88 0.94
0.96 0.94
1.04 0.94
1.12 0.94
1.2 0.94
1.28 0.94
1.36 0.94
1.44 0.94
1.52 0.94
1.6 0.94
1.68 0.94
1.76 0.94
1.84 0.94
1.92 0.94
2 0.94
2.08 0.94
2.16 0.94
2.24 0.94
2.32 0.94
2.4 0.94
2.48 0.94
2.56 0.94
2.64 0.94
2.72 0.94
2.8 0.94
2.88 0.94
2.96 0.94
3.04 0.94
3.12 0.94
3.2 0.94
3.28 0.94
3.36 0.94
3.44 0.94
3.52 0.94
3.6 0.94
3.68 0.94
3.76 0.94
3.84 0.94
3.92 0.94
4 0.94
0. 0.96
0.08 0.96
0.16 0.96
0.24 0.96
0.32 0.96
0.4 0.96
0.48 0.96
0.56 0.96
0.64 0.96
0.72 0.96
0.8 0.96
0.88 0.96
0.96 0.96
1.04 0.96
1.12 0.96
1.2 0.96
1.28 0.96
1.36 0.96
1.44 0.96
1.52 0.96
1.6 0.96
1.68 0.96
1.76 0.96
1.84 0.96
1.92 0.96
2 0.96
2.08 0.96
2.16 0.96
2.24 0.96
2.32 0.96
2.4 0.96
2.48 0.96
2.56 0.96
2.64 0.96
2.72 0.96
2.8 0.96
2.88 0.96
2.96 0.96
3.04 0.96
3.12 0.96
3.2 0.96
3.28 0.96
3.36 0.96
3.44 0.96
3.52 0.96
3.6 0.96
3.68 0.96
3.76 0.96
3.84 0.96
3.92 0.96
4 0.96
0. 0.98
0.08 0.98
0.16 0.98
0.24 0.98
0.32 0.98
0.4 0.98
0.48 0.98
0.56 0.98
0.64 0.98
0.72 0.98
0.8 0.98
0.88 0.98
0.96 0.98
1.04 0.98
1.12 0.98
1.2 0.98
1.28 0.98
1.36 0.98
1.44 0.98
1.52 0.98
1.6 0.98
1.68 0.98
1.76 0.98
1.84 0.98
1.92 0.98
2 0.98
2.08 0.98
2.16 0.98
2.24 0.98
2.32 0.98
2.4 0.98
2.48 0.98
2.56 0.98
2.64 0.98
2.72 0.98
2.8 0.98
2.88 0.98
2.96 0.98
3.04 0.98
3.12 0.98
3.2 0.98
3.28 0.98
3.36 0.98
3.44 0.98
3.52 0.98
3.6 0.98
3.68 0.98
3.76 0.98
3.84 0.98
3.92 0.98
4 0.98
0. 1
0.08 1
0.16 1
0.24 1
0.32 1
0.4 1
0.48 1
0.56 1
0.64 1
0.72 1
0.8 1
0.88 1
0.96 1
1.04 1
1.12 1
1.2 1
1.28 1
1.36 1
1.44 1
1.52 1
1.6 1
1.68 1
1.76 1
1.84 1
1.92 1
2 1
2.08 1
2.16 1
2.24 1
2.32 1
2.4 1
2.48 1
2.56 1
2.64 1
2.72 1
2.8 1
2.88 1
2.96 1
3.04 1
3.12 1
3.2 1
3.28 1
3.36 1
3.44 1
3.52 1
3.6 1
3.68 1
3.76 1
3.84 1
3.92 1
4 1
0. 1.02
0.08 1.02
0.16 1.02
0.24 1.02
0.32 1.02
0.4 1.02
0.48 1.02
0.56 1.02
0.64 1.02
0.72 1.02
0.8 1.02
0.88 1.02
0.96 1.02
1.04 1.02
1.12 1.02
1.2 1.02
1.28 1.02
1.36 1.02
1.44 1.02
1.52 1.02
1.6 1.02
1.68 1.02
1.76 1.02
1.84 1.02
1.92 1.02
2 1.02
2.08 1.02
2.16 1.02
2.24 1.02
2.32 1.02
2.4 1.02
2.48 1.02
2.56 1.02
2.64 1.02
2.72 1.02
2.8 1.02
2.88 1.02
2.96 1.02
3.04 1.02
3.12 1.02
3.2 1.02
3.28 1.02
3.36 1.02
3.44 1.02
3.52 1.02
3.6 1.02
3.68 1.02
3.76 1.02
3.84 1.02
3.92 1.02
4 1.02
0. 1.04
0.08 1.04
0.16 1.04
0.24 1.04
0.32 1.04
0.4 1.04
0.48 1.04
0.56 1.04
0.64 1.04
0.72 1.04
0.8 1.04
0.88 1.04
0.96 1.04
1.04 1.04
1.12 1.04
1.2 1.04
1.28 1.04
1.36 1.04
1.44 1.04
1.52 1.04
1.6 1.04
1.68 1.04
1.76 1.04
1.84 1.04
1.92 1.04
2 1.04
2.08 1.04
2.16 1.04
2.24 1.04
2.32 1.04
2.4 1.04
2.48 1.04
2.56 1.04
2.64 1.04
2.72 1.04
2.8 1.04
2.88 1.04
2.96 1.04
3.04 1.04
3.12 1.04
3.2 1.04
3.28 1.04
3.36 1.04
3.44 1.04
3.52 1.04
3.6 1.04
3.68 1.04
3.76 1.04
3.84 1.04
3.92 1.04
4 1.04
0. 1.06
0.08 1.06
0.16 1.06
0.24 1.06
0.32 1.06
0.4 1.06
0.48 1.06
0.56 1.06
0.64 1.06
0.72 1.06
0.8 1.06
0.88 1.06
0.96 1.06
1.04 1.06
1.12 1.06
1.2 1.06
1.28 1.06
1.36 1.06
1.44 1.06
1.52 1.06
1.6 1.06
1.68 1.06
1.76 1.06
1.84 1.06
1.92 1.06
2 1.06
2.08 1.06
2.16 1.06
2.24 1.06
2.32 1.06
2.4 1.06
2.48 1.06
2.56 1.06
2.64 1.06
2.72 1.06
2.8 1.06
2.88 1.06
2.96 1.06
3.04 1.06
3.12 1.06
3.2 1.06
3.28 1.06
3.36 1.06
3.44 1.06
3.52 1.06
3.6 1.06
3.68 1.06
3.76 1.06
3.84 1.06
3.92 1.06
4 1.06
0. 1.08
0.08 1.08
0.16 1.08
0.24 1.08
0.32 1.08
0.4 1.08
0.48 1.08
0.56 1.08
0.64 1.08
0.72 1.08
0.8 1.08
0.88 1.08
0.96 1.08
1.04 1.08
1.12 1.08
1.2 1.08
1.28 1.08
1.36 1.08
1.44 1.08
1.52 1.08
1.6 1.08
1.68 1.08
1.76 1.08
1.84 1.08
1.92 1.08
2 1.08
2.08 1.08
2.16 1.08
2.24 1.08
2.32 1.08
2.4 1.08
2.48 1.08
2.56 1.08
2.64 1.08
2.72 1.08
2.8 1.08
2.88 1.08
2.96 1.08
3.04 1.08
3.12 1.08
3.2 1.08
3.28 1.08
3.36 1.08
3.44 1.08
3.52 1.08
3.6 1.08
3.68 1.08
3.76 1.08
3.84 1.08
3.92 1.08
4 1.08
0. 1.1
0.08 1.1
0.16 1.1
0.24 1.1
0.32 1.1
0.4 1.1
0.48 1.1
0.56 1.1
0.64 1.1
0.72 1.1
0.8 1.1
0.88 1.1
0.96 1.1
1.04 1.1
1.12 1.1
1.2 1.1
1.28 1.1
1.36 1.1
1.44 1.1
1.52 1.1
1.6 1.1
1.68 1.1
1.76 1.1
1.84 1.1
1.92 1.1
2 1.1
2.08 1.1
2.16 1.1
2.24 1.1
2.32 1.1
2.4 1.1
2.48 1.1
2.56 1.1
2.64 1.1
2.72 1.1
2.8 1.1
2.88 1.1
2.96 1.1
3.04 1.1
3.12 1.1
3.2 1.1
3.28 1.1
3.36 1.1
3.44 1.1
3.52 1.1
3.6 1.1
3.68 1.1
3.76 1.1
3.84 1.1
3.92 1.1
4 1.1
0. 1.12
0.08 1.12
0.16 1.12
0.24 1.12
0.32 1.12
0.4 1.12
0.48 1.12
0.56 1.12
0.64 1.12
0.72 1.12
0.8 1.12
0.88 1.12
0.96 1.12
1.04 1.12
1.12 1.12
1.2 1.12
1.28 1.12
1.36 1.12
1.44 1.12
1.52 1.12
1.6 1.12
1.68 1.12
1.76 1.12
1.84 1.12
1.92 1.12
2 1.12
2.08 1.12
2.16 1.12
2.24 1.12
2.32 1.12
2.4 1.12
2.48 1.12
2.56 1.12
2.64 1.12
2.72 1.12
2.8 1.12
2.88 1.12
2.96 1.12
3.04 1.12
3.12 1.12
3.2 1.12
3.28 1.12
3.36 1.12
3.44 1.12
3.52 1.12
3.6 1.12
3.68 1.12
3.76 1.12
3.84 1.12
3.92 1.12
4 1.12
0. 1.14
0.08 1.14
0.16 1.14
0.24 1.14
0.32 1.14
0.4 1.14
0.48 1.14
0.56 1.14
0.64 1.14
0.72 1.14
0.8 1.14
0.88 1.14
0.96 1.14
1.04 1.14
1.12 1.14
1.2 1.14
1.28 1.14
1.36 1.14
1.44 1.14
1.52 1.14
1.6 1.14
1.68 1.14
1.76 1.14
1.84 1.14
1.92 1.14
2 1.14
2.08 1.14
2.16 1.14
2.24 1.14
2.32 1.14
2.4 1.14
2.48 1.14
2.56 1.14
2.64 1.14
2.72 1.14
2.8 1.14
2.88 1.14
2.96 1.14
3.04 1.14
3.12 1.14
3.2 1.14
3.28 1.14
3.36 1.14
3.44 1.14
3.52 1.14
3.6 1.14
3.68 1.14
3.76 1.14
3.84 1.14
3.92 1.14
4 1.14
0. 1.16
0.08 1.16
0.16 1.16
0.24 1.16
0.32 1.16
0.4 1.16
0.48 1.16
0.56 1.16
0.64 1.16
0.72 1.16
0.8 1.16
0.88 1.16
0.96 1.16
1.04 1.16
1.12 1.16
1.2 1.16
1.28 1.16
1.36 1.16
1.44 1.16
1.52 1.16
1.6 1.16
1.68 1.16
1.76 1.16
1.84 1.16
1.92 1.16
2 1.16
2.08 1.16
2.16 1.16
2.24 1.16
2.32 1.16
2.4 1.16
2.48 1.16
2.56 1.16
2.64 1.16
2.72 1.16
2.8 1.16
2.88 1.16
2.96 1.16
3.04 1.16
3.12 1.16
3.2 1.16
3.28 1.16
3.36 1.16
3.44 1.16
3.52 1.16
3.6 1.16
3.68 1.16
3.76 1.16
3.84 1.16
3.92 1.16
4 1.16
0. 1.18
0.08 1.18
0.16 1.18
0.24 1.18
0.32 1.18
0.4 1.18
0.48 1.18
0.56 1.18
0.64 1.18
0.72 1.18
0.8 1.18
0.88 1.18
0.96 1.18
1.04 1.18
1.12 1.18
1.2 1.18
1.28 1.18
1.36 1.18
1.44 1.18
1.52 1.18
1.6 1.18
1.68 1.18
1.76 1.18
1.84 1.18
1.92 1.18
2 1.18
2.08 1.18
2.16 1.18
2.24 1.18
2.32 1.18
2.4 1.18
2.48 1.18
2.56 1.18
2.64 1.18
2.72 1.18
2.8 1.18
2.88 1.18
2.96 1.18
3.04 1.18
3.12 1.18
3.2 1.18
3.28 1.18
3.36 1.18
3.44 1.18
3.52 1.18
3.6 1.18
3.68 1.18
3.76 1.18
3.84 1.18
3.92 1.18
4 1.18
0. 1.2
0.08 1.2
0.16 1.2
0.24 1.2
0.32 1.2
0.4 1.2
0.48 1.2
0.56 1.2
0.64 1.2
0.72 1.2
0.8 1.2
0.88 1.2
0.96 1.2
1.04 1.2
1.12 1.2
1.2 1.2
1.28 1.2
1.36 1.2
1.44 1.2
1.52 1.2
1.6 1.2
1.68 1.2
1.76 1.2
1.84 1.2
1.92 1.2
2 1.2
2.08 1.2
2.16 1.2
2.24 1.2
2.32 1.2
2.4 1.2
2.48 1.2
2.56 1.2
2.64 1.2
2.72 1.2
2.8 1.2
2.88 1.2
2.96 1.2
3.04 1.2
3.12 1.2
3.2 1.2
3.28 1.2
3.36 1.2
3.44 1.2
3.52 1.2
3.6 1.2
3.68 1.2
3.76 1.2
3.84 1.2
3.92 1.2
4 1.2
0. 1.22
0.08 1.22
0.16 1.22
0.24 1.22
0.32 1.22
0.4 1.22
0.48 1.22
0.56 1.22
0.64 1.22
0.72 1.22
0.8 1.22
0.88 1.22
0.96 1.22
1.04 1.22
1.12 1.22
1.2 1.22
1.28 1.22
1.36 1.22
1.44 1.22
1.52 1.22
1.6 1.22
1.68 1.22
1.76 1.22
1.84 1.22
1.92 1.22
2 1.22
2.08 1.22
2.16 1.22
2.24 1.22
2.32 1.22
2.4 1.22
2.48 1.22
2.56 1.22
2.64 1.22
2.72 1.22
2.8 1.22
2.88 1.22
2.96 1.22
3.04 1.22
3.12 1.22
3.2 1.22
3.28 1.22
3.36 1.22
3.44 1.22
3.52 1.22
3.6 1.22
3.68 1.22
3.76 1.22
3.84 1.22
3.92 1.22
4 1.22
0. 1.24
0.08 1.24
0.16 1.24
0.24 1.24
0.32 1.24
0.4 1.24
0.48 1.24
0.56 1.24
0.64 1.24
0.72 1.24
0.8 1.24
0.88 1.24
0.96 1.24
1.04 1.24
1.12 1.24
1.2 1.24
1.28 1.24
1.36 1.24
1.44 1.24
1.52 1.24
1.6 1.24
1.68 1.24
1.76 1.24
1.84 1.24
1.92 1.24
2 1.24
2.08 1.24
2.16 1.24
2.24 1.24
2.32 1.24
2.4 1.24
2.48 1.24
2.56 1.24
2.64 1.24
2.72 1.24
2.8 1.24
2.88 1.24
2.96 1.24
3.04 1.24
3.12 1.24
3.2 1.24
3.28 1.24
3.36 1.24
3.44 1.24
3.52 1.24
3.6 1.24
3.68 1.24
3.76 1.24
3.84 1.24
3.92 1.24
4 1.24
0. 1.26
0.08 1.26
0.16 1.26
0.24 1.26
0.32 1.26
0.4 1.26
0.48 1.26
0.56 1.26
0.64 1.26
0.72 1.26
0.8 1.26
0.88 1.26
0.96 1.26
1.04 1.26
1.12 1.26
1.2 1.26
1.28 1.26
1.36 1.26
1.44 1.26
1.52 1.26
1.6 1.26
1.68 1.26
1.76 1.26
1.84 1.26
1.92 1.26
2 1.26
2.08 1.26
2.16 1.26
2.24 1.26
2.32 1.26
2.4 1.26
2.48 1.26
2.56 1.26
2.64 1.26
2.72 1.26
2.8 1.26
2.88 1.26
2.96 1.26
3.04 1.26
3.12 1.26
3.2 1.26
3.28 1.26
3.36 1.26
3.44 1.26
3.52 1.26
3.6 1.26
3.68 1.26
3.76 1.26
3.84 1.26
3.92 1.26
4 1.26
0. 1.28
0.08 1.28
0.16 1.28
0.24 1.28
0.32 1.28
0.4 1.28
0.48 1.28
0.56 1.28
0.64 1.28
0.72 1.28
0.8 1.28
0.88 1.28
0.96 1.28
1.04 1.28
1.12 1.28
1.2 1.28
1.28 1.28
1.36 1.28
1.44 1.28
1.52 1.28
1.6 1.28
1.68 1.28
1.76 1.28
1.84 1.28
1.92 1.28
2 1.28
2.08 1.28
2.16 1.28
2.24 1.28
2.32 1.28
2.4 1.28
2.48 1.28
2.56 1.28
2.64 1.28
2.72 1.28
2.8 1.28
2.88 1.28
2.96 1.28
3.04 1.28
3.12 1.28
3.2 1.28
3.28 1.28
3.36 1.28
3.44 1.28
3.52 1.28
3.6 1.28
3.68 1.28
3.76 1.28
3.84 1.28
3.92 1.28
4 1.28
0. 1.3
0.08 1.3
0.16 1.3
0.24 1.3
0.32 1.3
0.4 1.3
0.48 1.3
0.56 1.3
0.64 1.3
0.72 1.3
0.8 1.3
0.88 1.3
0.96 1.3
1.04 1.3
1.12 1.3
1.2 1.3
1.28 1.3
1.36 1.3
1.44 1.3
1.52 1.3
1.6 1.3
1.68 1.3
1.76 1.3
1.84 1.3
1.92 1.3
2 1.3
2.08 1.3
2.16 1.3
2.24 1.3
2.32 1.3
2.4 1.3
2.48 1.3
2.56 1.3
2.64 1.3
2.72 1.3
2.8 1.3
2.88 1.3
2.96 1.3
3.04 1.3
3.12 1.3
3.2 1.3
3.28 1.3
3.36 1.3
3.44 1.3
3.52 1.3
3.6 1.3
3.68 1.3
3.76 1.3
3.84 1.3
3.92 1.3
4 1.3
0. 1.32
0.08 1.32
0.16 1.32
0.24 1.32
0.32 1.32
0.4 1.32
0.48 1.32
0.56 1.32
0.64 1.32
0.72 1.32
0.8 1.32
0.88 1.32
0.96 1.32
1.04 1.32
1.12 1.32
1.2 1.32
1.28 1.32
1.36 1.32
1.44 1.32
1.52 1.32
1.6 1.32
1.68 1.32
1.76 1.32
1.84 1.32
1.92 1.32
2 1.32
2.08 1.32
2.16 1.32
2.24 1.32
2.32 1.32
2.4 1.32
2.48 1.32
2.56 1.32
2.64 1.32
2.72 1.32
2.8 1.32
2.88 1.32
2.96 1.32
3.04 1.32
3.12 1.32
3.2 1.32
3.28 1.32
3.36 1.32
3.44 1.32
3.52 1.32
3.6 1.32
3.68 1.32
3.76 1.32
3.84 1.32
3.92 1.32
4 1.32
0. 1.34
0.08 1.34
0.16 1.34
0.24 1.34
0.32 1.34
0.4 1.34
0.48 1.34
0.56 1.34
0.64 1.34
0.72 1.34
0.8 1.34
0.88 1.34
0.96 1.34
1.04 1.34
1.12 1.34
1.2 1.34
1.28 1.34
1.36 1.34
1.44 1.34
1.52 1.34
1.6 1.34
1.68 1.34
1.76 1.34
1.84 1.34
1.92 1.34
2 1.34
2.08 1.34
2.16 1.34
2.24 1.34
2.32 1.34
2.4 1.34
2.48 1.34
2.56 1.34
2.64 1.34
2.72 1.34
2.8 1.34
2.88 1.34
2.96 1.34
3.04 1.34
3.12 1.34
3.2 1.34
3.28 1.34
3.36 1.34
3.44 1.34
3.52 1.34
3.6 1.34
3.68 1.34
3.76 1.34
3.84 1.34
3.92 1.34
4 1.34
0. 1.36
0.08 1.36
0.16 1.36
0.24 1.36
0.32 1.36
0.4 1.36
0.48 1.36
0.56 1.36
0.64 1.36
0.72 1.36
0.8 1.36
0.88 1.36
0.96 1.36
1.04 1.36
1.12 1.36
1.2 1.36
1.28 1.36
1.36 1.36
1.44 1.36
1.52 1.36
1.6 1.36
1.68 1.36
1.76 1.36
1.84 1.36
1.92 1.36
2 1.36
2.08 1.36
2.16 1.36
2.24 1.36
2.32 1.36
2.4 1.36
2.48 1.36
2.56 1.36
2.64 1.36
2.72 1.36
2.8 1.36
2.88 1.36
2.96 1.36
3.04 1.36
3.12 1.36
3.2 1.36
3.28 1.36
3.36 1.36
3.44 1.36
3.52 1.36
3.6 1.36
3.68 1.36
3.76 1.36
3.84 1.36
3.92 1.36
4 1.36
0. 1.38
0.08 1.38
0.16 1.38
0.24 1.38
0.32 1.38
0.4 1.38
0.48 1.38
0.56 1.38
0.64 1.38
0.72 1.38
0.8 1.38
0.88 1.38
0.96 1.38
1.04 1.38
1.12 1.38
1.2 1.38
1.28 1.38
1.36 1.38
1.44 1.38
1.52 1.38
1.6 1.38
1.68 1.38
1.76 1.38
1.84 1.38
1.92 1.38
2 1.38
2.08 1.38
2.16 1.38
2.24 1.38
2.32 1.38
2.4 1.38
2.48 1.38
2.56 1.38
2.64 1.38
2.72 1.38
2.8 1.38
2.88 1.38
2.96 1.38
3.04 1.38
3.12 1.38
3.2 1.38
3.28 1.38
3.36 1.38
3.44 1.38
3.52 1.38
3.6 1.38
3.68 1.38
3.76 1.38
3.84 1.38
3.92 1.38
4 1.38
0. 1.4
0.08 1.4
0.16 1.4
0.24 1.4
0.32 1.4
0.4 1.4
0.48 1.4
0.56 1.4
0.64 1.4
0.72 1.4
0.8 1.4
0.88 1.4
0.96 1.4
1.04 1.4
1.12 1.4
1.2 1.4
1.28 1.4
1.36 1.4
1.44 1.4
1.52 1.4
1.6 1.4
1.68 1.4
1.76 1.4
1.84 1.4
1.92 1.4
2 1.4
2.08 1.4
2.16 1.4
2.24 1.4
2.32 1.4
2.4 1.4
2.48 1.4
2.56 1.4
2.64 1.4
2.72 1.4
2.8 1.4
2.88 1.4
2.96 1.4
3.04 1.4
3.12 1.4
3.2 1.4
3.28 1.4
3.36 1.4
3.44 1.4
3.52 1.4
3.6 1.4
3.68 1.4
3.76 1.4
3.84 1.4
3.92 1.4
4 1.4
0. 1.42
0.08 1.42
0.16 1.42
0.24 1.42
0.32 1.42
0.4 1.42
0.48 1.42
0.56 1.42
0.64 1.42
0.72 1.42
0.8 1.42
0.88 1.42
0.96 1.42
1.04 1.42
1.12 1.42
1.2 1.42
1.28 1.42
1.36 1.42
1.44 1.42
1.52 1.42
1.6 1.42
1.68 1.42
1.76 1.42
1.84 1.42
1.92 1.42
2 1.42
2.08 1.42
2.16 1.42
2.24 1.42
2.32 1.42
2.4 1.42
2.48 1.42
2.56 1.42
2.64 1.42
2.72 1.42
2.8 1.42
2.88 1.42
2.96 1.42
3.04 1.42
3.12 1.42
3.2 1.42
3.28 1.42
3.36 1.42
3.44 1.42
3.52 1.42
3.6 1.42
3.68 1.42
3.76 1.42
3.84 1.42
3.92 1.42
4 1.42
0. 1.44
0.08 1.44
0.16 1.44
0.24 1.44
0.32 1.44
0.4 1.44
0.48 1.44
0.56 1.44
0.64 1.44
0.72 1.44
0.8 1.44
0.88 1.44
0.96 1.44
1.04 1.44
1.12 1.44
1.2 1.44
1.28 1.44
1.36 1.44
1.44 1.44
1.52 1.44
1.6 1.44
1.68 1.44
1.76 1.44
1.84 1.44
1.92 1.44
2 1.44
2.08 1.44
2.16 1.44
2.24 1.44
2.32 1.44
2.4 1.44
2.48 1.44
2.56 1.44
2.64 1.44
2.72 1.44
2.8 1.44
2.88 1.44
2.96 1.44
3.04 1.44
3.12 1.44
3.2 1.44
3.28 1.44
3.36 1.44
3.44 1.44
3.52 1.44
3.6 1.44
3.68 1.44
3.76 1.44
3.84 1.44
3.92 1.44
4 1.44
0. 1.46
0.08 1.46
0.16 1.46
0.24 1.46
0.32 1.46
0.4 1.46
0.48 1.46
0.56 1.46
0.64 1.46
0.72 1.46
0.8 1.46
0.88 1.46
0.96 1.46
1.04 1.46
1.12 1.46
1.2 1.46
1.28 1.46
1.36 1.46
1.44 1.46
1.52 1.46
1.6 1.46
1.68 1.46
1.76 1.46
1.84 1.46
1.92 1.46
2 1.46
2.08 1.46
2.16 1.46
2.24 1.46
2.32 1.46
2.4 1.46
2.48 1.46
2.56 1.46
2.64 1.46
2.72 1.46
2.8 1.46
2.88 1.46
2.96 1.46
3.04 1.46
3.12 1.46
3.2 1.46
3.28 1.46
3.36 1.46
3.44 1.46
3.52 1.46
3.6 1.46
3.68 1.46
3.76 1.46
3.84 1.46
3.92 1.46
4 1.46
0. 1.48
0.08 1.48
0.16 1.48
0.24 1.48
0.32 1.48
0.4 1.48
0.48 1.48
0.56 1.48
0.64 1.48
0.72 1.48
0.8 1.48
0.88 1.48
0.96 1.48
1.04 1.48
1.12 1.48
1.2 1.48
1.28 1.48
1.36 1.48
1.44 1.48
1.52 1.48
1.6 1.48
1.68 1.48
1.76 1.48
1.84 1.48
1.92 1.48
2 1.48
2.08 1.48
2.16 1.48
2.24 1.48
2.32 1.48
2.4 1.48
2.48 1.48
2.56 1.48
2.64 1.48
2.72 1.48
2.8 1.48
2.88 1.48
2.96 1.48
3.04 1.48
3.12 1.48
3.2 1.48
3.28 1.48
3.36 1.48
3.44 1.48
3.52 1.48
3.6 1.48
3.68 1.48
3.76 1.48
3.84 1.48
3.92 1.48
4 1.48
0. 1.5
0.08 1.5
0.16 1.5
0.24 1.5
0.32 1.5
0.4 1.5
0.48 1.5
0.56 1.5
0.64 1.5
0.72 1.5
0.8 1.5
0.88 1.5
0.96 1.5
1.04 1.5
1.12 1.5
1.2 1.5
1.28 1.5
1.36 1.5
1.44 1.5
1.52 1.5
1.6 1.5
1.68 1.5
1.76 1.5
1.84 1.5
1.92 1.5
2 1.5
2.08 1.5
2.16 1.5
2.24 1.5
2.32 1.5
2.4 1.5
2.48 1.5
2.56 1.5
2.64 1.5
2.72 1.5
2.8 1.5
2.88 1.5
2.96 1.5
3.04 1.5
3.12 1.5
3.2 1.5
3.28 1.5
3.36 1.5
3.44 1.5
3.52 1.5
3.6 1.5
3.68 1.5
3.76 1.5
3.84 1.5
3.92 1.5
4 1.5
0. 1.52
0.08 1.52
0.16 1.52
0.24 1.52
0.32 1.52
0.4 1.52
0.48 1.52
0.56 1.52
0.64 1.52
0.72 1.52
0.8 1.52
0.88 1.52
0.96 1.52
1.04 1.52
1.12 1.52
1.2 1.52
1.28 1.52
1.36 1.52
1.44 1.52
1.52 1.52
1.6 1.52
1.68 1.52
1.76 1.52
1.84 1.52
1.92 1.52
2 1.52
2.08 1.52
2.16 1.52
2.24 1.52
2.32 1.52
2.4 1.52
2.48 1.52
2.56 1.52
2.64 1.52
2.72 1.52
2.8 1.52
2.88 1.52
2.96 1.52
3.04 1.52
3.12 1.52
3.2 1.52
3.28 1.52
3.36 1.52
3.44 1.52
3.52 1.52
3.6 1.52
3.68 1.52
3.76 1.52
3.84 1.52
3.92 1.52
4 1.52
0. 1.54
0.08 1.54
0.16 1.54
0.24 1.54
0.32 1.54
0.4 1.54
0.48 1.54
0.56 1.54
0.64 1.54
0.72 1.54
0.8 1.54
0.88 1.54
0.96 1.54
1.04 1.54
1.12 1.54
1.2 1.54
1.28 1.54
1.36 1.54
1.44 1.54
1.52 1.54
1.6 1.54
1.68 1.54
1.76 1.54
1.84 1.54
1.92 1.54
2 1.54
2.08 1.54
2.16 1.54
2.24 1.54
2.32 1.54
2.4 1.54
2.48 1.54
2.56 1.54
2.64 1.54
2.72 1.54
2.8 1.54
2.88 1.54
2.96 1.54
3.04 1.54
3.12 1.54
3.2 1.54
3.28 1.54
3.36 1.54
3.44 1.54
3.52 1.54
3.6 1.54
3.68 1.54
3.76 1.54
3.84 1.54
3.92 1.54
4 1.54
0. 1.56
0.08 1.56
0.16 1.56
0.24 1.56
0.32 1.56
0.4 1.56
0.48 1.56
0.56 1.56
0.64 1.56
0.72 1.56
0.8 1.56
0.88 1.56
0.96 1.56
1.04 1.56
1.12 1.56
1.2 1.56
1.28 1.56
1.36 1.56
1.44 1.56
1.52 1.56
1.6 1.56
1.68 1.56
1.76 1.56
1.84 1.56
1.92 1.56
2 1.56
2.08 1.56
2.16 1.56
2.24 1.56
2.32 1.56
2.4 1.56
2.48 1.56
2.56 1.56
2.64 1.56
2.72 1.56
2.8 1.56
2.88 1.56
2.96 1.56
3.04 1.56
3.12 1.56
3.2 1.56
3.28 1.56
3.36 1.56
3.44 1.56
3.52 1.56
3.6 1.56
3.68 1.56
3.76 1.56
3.84 1.56
3.92 1.56
4 1.56
0. 1.58
0.08 1.58
0.16 1.58
0.24 1.58
0.32 1.58
0.4 1.58
0.48 1.58
0.56 1.58
0.64 1.58
0.72 1.58
0.8 1.58
0.88 1.58
0.96 1.58
1.04 1.58
1.12 1.58
1.2 1.58
1.28 1.58
1.36 1.58
1.44 1.58
1.52 1.58
1.6 1.58
1.68 1.58
1.76 1.58
1.84 1.58
1.92 1.58
2 1.58
2.08 1.58
2.16 1.58
2.24 1.58
2.32 1.58
2.4 1.58
2.48 1.58
2.56 1.58
2.64 1.58
2.72 1.58
2.8 1.58
2.88 1.58
2.96 1.58
3.04 1.58
3.12 1.58
3.2 1.58
3.28 1.58
3.36 1.58
3.44 1.58
3.52 1.58
3.6 1.58
3.68 1.58
3.76 1.58
3.84 1.58
3.92 1.58
4 1.58
0. 1.6
0.08 1.6
0.16 1.6
0.24 1.6
0.32 1.6
0.4 1.6
0.48 1.6
0.56 1.6
0.64 1.6
0.72 1.6
0.8 1.6
0.88 1.6
0.96 1.6
1.04 1.6
1.12 1.6
1.2 1.6
1.28 1.6
1.36 1.6
1.44 1.6
1.52 1.6
1.6 1.6
1.68 1.6
1.76 1.6
1.84 1.6
1.92 1.6
2 1.6
2.08 1.6
2.16 1.6
2.24 1.6
2.32 1.6
2.4 1.6
2.48 1.6
2.56 1.6
2.64 1.6
2.72 1.6
2.8 1.6
2.88 1.6
2.96 1.6
3.04 1.6
3.12 1.6
3.2 1.6
3.28 1.6
3.36 1.6
3.44 1.6
3.52 1.6
3.6 1.6
3.68 1.6
3.76 1.6
3.84 1.6
3.92 1.6
4 1.6
0. 1.62
0.08 1.62
0.16 1.62
0.24 1.62
0.32 1.62
0.4 1.62
0.48 1.62
0.56 1.62
0.64 1.62
0.72 1.62
0.8 1.62
0.88 1.62
0.96 1.62
1.04 1.62
1.12 1.62
1.2 1.62
1.28 1.62
1.36 1.62
1.44 1.62
1.52 1.62
1.6 1.62
1.68 1.62
1.76 1.62
1.84 1.62
1.92 1.62
2 1.62
2.08 1.62
2.16 1.62
2.24 1.62
2.32 1.62
2.4 1.62
2.48 1.62
2.56 1.62
2.64 1.62
2.72 1.62
2.8 1.62
2.88 1.62
2.96 1.62
3.04 1.62
3.12 1.62
3.2 1.62
3.28 1.62
3.36 1.62
3.44 1.62
3.52 1.62
3.6 1.62
3.68 1.62
3.76 1.62
3.84 1.62
3.92 1.62
4 1.62
0. 1.64
0.08 1.64
0.16 1.64
0.24 1.64
0.32 1.64
0.4 1.64
0.48 1.64
0.56 1.64
0.64 1.64
0.72 1.64
0.8 1.64
0.88 1.64
0.96 1.64
1.04 1.64
1.12 1.64
1.2 1.64
1.28 1.64
1.36 1.64
1.44 1.64
1.52 1.64
1.6 1.64
1.68 1.64
1.76 1.64
1.84 1.64
1.92 1.64
2 1.64
2.08 1.64
2.16 1.64
2.24 1.64
2.32 1.64
2.4 1.64
2.48 1.64
2.56 1.64
2.64 1.64
2.72 1.64
2.8 1.64
2.88 1.64
2.96 1.64
3.04 1.64
3.12 1.64
3.2 1.64
3.28 1.64
3.36 1.64
3.44 1.64
3.52 1.64
3.6 1.64
3.68 1.64
3.76 1.64
3.84 1.64
3.92 1.64
4 1.64
0. 1.66
0.08 1.66
0.16 1.66
0.24 1.66
0.32 1.66
0.4 1.66
0.48 1.66
0.56 1.66
0.64 1.66
0.72 1.66
0.8 1.66
0.88 1.66
0.96 1.66
1.04 1.66
1.12 1.66
1.2 1.66
1.28 1.66
1.36 1.66
1.44 1.66
1.52 1.66
1.6 1.66
1.68 1.66
1.76 1.66
1.84 1.66
1.92 1.66
2 1.66
2.08 1.66
2.16 1.66
2.24 1.66
2.32 1.66
2.4 1.66
2.48 1.66
2.56 1.66
2.64 1.66
2.72 1.66
2.8 1.66
2.88 1.66
2.96 1.66
3.04 1.66
3.12 1.66
3.2 1.66
3.28 1.66
3.36 1.66
3.44 1.66
3.52 1.66
3.6 1.66
3.68 1.66
3.76 1.66
3.84 1.66
3.92 1.66
4 1.66
0. 1.68
0.08 1.68
0.16 1.68
0.24 1.68
0.32 1.68
0.4 1.68
0.48 1.68
0.56 1.68
0.64 1.68
0.72 1.68
0.8 1.68
0.88 1.68
0.96 1.68
1.04 1.68
1.12 1.68
1.2 1.68
1.28 1.68
1.36 1.68
1.44 1.68
1.52 1.68
1.6 1.68
1.68 1.68
1.76 1.68
1.84 1.68
1.92 1.68
2 1.68
2.08 1.68
2.16 1.68
2.24 1.68
2.32 1.68
2.4 1.68
2.48 1.68
2.56 1.68
2.64 1.68
2.72 1.68
2.8 1.68
2.88 1.68
2.96 1.68
3.04 1.68
3.12 1.68
3.2 1.68
3.28 1.68
3.36 1.68
3.44 1.68
3.52 1.68
3.6 1.68
3.68 1.68
3.76 1.68
3.84 1.68
3.92 1.68
4 1.68
0. 1.7
0.08 1.7
0.16 1.7
0.24 1.7
0.32 1.7
0.4 1.7
0.48 1.7
0.56 1.7
0.64 1.7
0.72 1.7
0.8 1.7
0.88 1.7
0.96 1.7
1.04 1.7
1.12 1.7
1.2 1.7
1.28 1.7
1.36 1.7
1.44 1.7
1.52 1.7
1.6 1.7
1.68 1.7
1.76 1.7
1.84 1.7
1.92 1.7
2 1.7
2.08 1.7
2.16 1.7
2.24 1.7
2.32 1.7
2.4 1.7
2.48 1.7
2.56 1.7
2.64 1.7
2.72 1.7
2.8 1.7
2.88 1.7
2.96 1.7
3.04 1.7
3.12 1.7
3.2 1.7
3.28 1.7
3.36 1.7
3.44 1.7
3.52 1.7
3.6 1.7
3.68 1.7
3.76 1.7
3.84 1.7
3.92 1.7
4 1.7
0. 1.72
0.08 1.72
0.16 1.72
0.24 1.72
0.32 1.72
0.4 1.72
0.48 1.72
0.56 1.72
0.64 1.72
0.72 1.72
0.8 1.72
0.88 1.72
0.96 1.72
1.04 1.72
1.12 1.72
1.2 1.72
1.28 1.72
1.36 1.72
1.44 1.72
1.52 1.72
1.6 1.72
1.68 1.72
1.76 1.72
1.84 1.72
1.92 1.72
2 1.72
2.08 1.72
2.16 1.72
2.24 1.72
2.32 1.72
2.4 1.72
2.48 1.72
2.56 1.72
2.64 1.72
2.72 1.72
2.8 1.72
2.88 1.72
2.96 1.72
3.04 1.72
3.12 1.72
3.2 1.72
3.28 1.72
3.36 1.72
3.44 1.72
3.52 1.72
3.6 1.72
3.68 1.72
3.76 1.72
3.84 1.72
3.92 1.72
4 1.72
0. 1.74
0.08 1.74
0.16 1.74
0.24 1.74
0.32 1.74
0.4 1.74
0.48 1.74
0.56 1.74
0.64 1.74
0.72 1.74
0.8 1.74
0.88 1.74
0.96 1.74
1.04 1.74
1.12 1.74
1.2 1.74
1.28 1.74
1.36 1.74
1.44 1.74
1.52 1.74
1.6 1.74
1.68 1.74
1.76 1.74
1.84 1.74
1.92 1.74
2 1.74
2.08 1.74
2.16 1.74
2.24 1.74
2.32 1.74
2.4 1.74
2.48 1.74
2.56 1.74
2.64 1.74
2.72 1.74
2.8 1.74
2.88 1.74
2.96 1.74
3.04 1.74
3.12 1.74
3.2 1.74
3.28 1.74
3.36 1.74
3.44 1.74
3.52 1.74
3.6 1.74
3.68 1.74
3.76 1.74
3.84 1.74
3.92 1.74
4 1.74
0. 1.76
0.08 1.76
0.16 1.76
0.24 1.76
0.32 1.76
0.4 1.76
0.48 1.76
0.56 1.76
0.64 1.76
0.72 1.76
0.8 1.76
0.88 1.76
0.96 1.76
1.04 1.76
1.12 1.76
1.2 1.76
1.28 1.76
1.36 1.76
1.44 1.76
1.52 1.76
1.6 1.76
1.68 1.76
1.76 1.76
1.84 1.76
1.92 1.76
2 1.76
2.08 1.76
2.16 1.76
2.24 1.76
2.32 1.76
2.4 1.76
2.48 1.76
2.56 1.76
2.64 1.76
2.72 1.76
2.8 1.76
2.88 1.76
2.96 1.76
3.04 1.76
3.12 1.76
3.2 1.76
3.28 1.76
3.36 1.76
3.44 1.76
3.52 1.76
3.6 1.76
3.68 1.76
3.76 1.76
3.84 1.76
3.92 1.76
4 1.76
0. 1.78
0.08 1.78
0.16 1.78
0.24 1.78
0.32 1.78
0.4 1.78
0.48 1.78
0.56 1.78
0.64 1.78
0.72 1.78
0.8 1.78
0.88 1.78
0.96 1.78
1.04 1.78
1.12 1.78
1.2 1.78
1.28 1.78
1.36 1.78
1.44 1.78
1.52 1.78
1.6 1.78
1.68 1.78
1.76 1.78
1.84 1.78
1.92 1.78
2 1.78
2.08 1.78
2.16 1.78
2.24 1.78
2.32 1.78
2.4 1.78
2.48 1.78
2.56 1.78
2.64 1.78
2.72 1.78
2.8 1.78
2.88 1.78
2.96 1.78
3.04 1.78
3.12 1.78
3.2 1.78
3.28 1.78
3.36 1.78
3.44 1.78
3.52 1.78
3.6 1.78
3.68 1.78
3.76 1.78
3.84 1.78
3.92 1.78
4 1.78
0. 1.8
0.08 1.8
0.16 1.8
0.24 1.8
0.32 1.8
0.4 1.8
0.48 1.8
0.56 1.8
0.64 1.8
0.72 1.8
0.8 1.8
0.88 1.8
0.96 1.8
1.04 1.8
1.12 1.8
1.2 1.8
1.28 1.8
1.36 1.8
1.44 1.8
1.52 1.8
1.6 1.8
1.68 1.8
1.76 1.8
1.84 1.8
1.92 1.8
2 1.8
2.08 1.8
2.16 1.8
2.24 1.8
2.32 1.8
2.4 1.8
2.48 1.8
2.56 1.8
2.64 1.8
2.72 1.8
2.8 1.8
2.88 1.8
2.96 1.8
3.04 1.8
3.12 1.8
3.2 1.8
3.28 1.8
3.36 1.8
3.44 1.8
3.52 1.8
3.6 1.8
3.68 1.8
3.76 1.8
3.84 1.8
3.92 1.8
4 1.8
0. 1.82
0.08 1.82
0.16 1.82
0.24 1.82
0.32 1.82
0.4 1.82
0.48 1.82
0.56 1.82
0.64 1.82
0.72 1.82
0.8 1.82
0.88 1.82
0.96 1.82
1.04 1.82
1.12 1.82
1.2 1.82
1.28 1.82
1.36 1.82
1.44 1.82
1.52 1.82
1.6 1.82
1.68 1.82
1.76 1.82
1.84 1.82
1.92 1.82
2 1.82
2.08 1.82
2.16 1.82
2.24 1.82
2.32 1.82
2.4 1.82
2.48 1.82
2.56 1.82
2.64 1.82
2.72 1.82
2.8 1.82
2.88 1.82
2.96 1.82
3.04 1.82
3.12 1.82
3.2 1.82
3.28 1.82
3.36 1.82
3.44 1.82
3.52 1.82
3.6 1.82
3.68 1.82
3.76 1.82
3.84 1.82
3.92 1.82
4 1.82
0. 1.84
0.08 1.84
0.16 1.84
0.24 1.84
0.32 1.84
0.4 1.84
0.48 1.84
0.56 1.84
0.64 1.84
0.72 1.84
0.8 1.84
0.88 1.84
0.96 1.84
1.04 1.84
1.12 1.84
1.2 1.84
1.28 1.84
1.36 1.84
1.44 1.84
1.52 1.84
1.6 1.84
1.68 1.84
1.76 1.84
1.84 1.84
1.92 1.84
2 1.84
2.08 1.84
2.16 1.84
2.24 1.84
2.32 1.84
2.4 1.84
2.48 1.84
2.56 1.84
2.64 1.84
2.72 1.84
2.8 1.84
2.88 1.84
2.96 1.84
3.04 1.84
3.12 1.84
3.2 1.84
3.28 1.84
3.36 1.84
3.44 1.84
3.52 1.84
3.6 1.84
3.68 1.84
3.76 1.84
3.84 1.84
3.92 1.84
4 1.84
0. 1.86
0.08 1.86
0.16 1.86
0.24 1.86
0.32 1.86
0.4 1.86
0.48 1.86
0.56 1.86
0.64 1.86
0.72 1.86
0.8 1.86
0.88 1.86
0.96 1.86
1.04 1.86
1.12 1.86
1.2 1.86
1.28 1.86
1.36 1.86
1.44 1.86
1.52 1.86
1.6 1.86
1.68 1.86
1.76 1.86
1.84 1.86
1.92 1.86
2 1.86
2.08 1.86
2.16 1.86
2.24 1.86
2.32 1.86
2.4 1.86
2.48 1.86
2.56 1.86
2.64 1.86
2.72 1.86
2.8 1.86
2.88 1.86
2.96 1.86
3.04 1.86
3.12 1.86
3.2 1.86
3.28 1.86
3.36 1.86
3.44 1.86
3.52 1.86
3.6 1.86
3.68 1.86
3.76 1.86
3.84 1.86
3.92 1.86
4 1.86
0. 1.88
0.08 1.88
0.16 1.88
0.24 1.88
0.32 1.88
0.4 1.88
0.48 1.88
0.56 1.88
0.64 1.88
0.72 1.88
0.8 1.88
0.88 1.88
0.96 1.88
1.04 1.88
1.12 1.88
1.2 1.88
1.28 1.88
1.36 1.88
1.44 1.88
1.52 1.88
1.6 1.88
1.68 1.88
1.76 1.88
1.84 1.88
1.92 1.88
2 1.88
2.08 1.88
2.16 1.88
2.24 1.88
2.32 1.88
2.4 1.88
2.48 1.88
2.56 1.88
2.64 1.88
2.72 1.88
2.8 1.88
2.88 1.88
2.96 1.88
3.04 1.88
3.12 1.88
3.2 1.88
3.28 1.88
3.36 1.88
3.44 1.88
3.52 1.88
3.6 1.88
3.68 1.88
3.76 1.88
3.84 1.88
3.92 1.88
4 1.88
0. 1.9
0.08 1.9
0.16 1.9
0.24 1.9
0.32 1.9
0.4 1.9
0.48 1.9
0.56 1.9
0.64 1.9
0.72 1.9
0.8 1.9
0.88 1.9
0.96 1.9
1.04 1.9
1.12 1.9
1.2 1.9
1.28 1.9
1.36 1.9
1.44 1.9
1.52 1.9
1.6 1.9
1.68 1.9
1.76 1.9
1.84 1.9
1.92 1.9
2 1.9
2.08 1.9
2.16 1.9
2.24 1.9
2.32 1.9
2.4 1.9
2.48 1.9
2.56 1.9
2.64 1.9
2.72 1.9
2.8 1.9
2.88 1.9
2.96 1.9
3.04 1.9
3.12 1.9
3.2 1.9
3.28 1.9
3.36 1.9
3.44 1.9
3.52 1.9
3.6 1.9
3.68 1.9
3.76 1.9
3.84 1.9
3.92 1.9
4 1.9
0. 1.92
0.08 1.92
0.16 1.92
0.24 1.92
0.32 1.92
0.4 1.92
0.48 1.92
0.56 1.92
0.64 1.92
0.72 1.92
0.8 1.92
0.88 1.92
0.96 1.92
1.04 1.92
1.12 1.92
1.2 1.92
1.28 1.92
1.36 1.92
1.44 1.92
1.52 1.92
1.6 1.92
1.68 1.92
1.76 1.92
1.84 1.92
1.92 1.92
2 1.92
2.08 1.92
2.16 1.92
2.24 1.92
2.32 1.92
2.4 1.92
2.48 1.92
2.56 1.92
2.64 1.92
2.72 1.92
2.8 1.92
2.88 1.92
2.96 1.92
3.04 1.92
3.12 1.92
3.2 1.92
3.28 1.92
3.36 1.92
3.44 1.92
3.52 1.92
3.6 1.92
3.68 1.92
3.76 1.92
3.84 1.92
3.92 1.92
4 1.92
0. 1.94
0.08 1.94
0.16 1.94
0.24 1.94
0.32 1.94
0.4 1.94
0.48 1.94
0.56 1.94
0.64 1.94
0.72 1.94
0.8 1.94
0.88 1.94
0.96 1.94
1.04 1.94
1.12 1.94
1.2 1.94
1.28 1.94
1.36 1.94
1.44 1.94
1.52 1.94
1.6 1.94
1.68 1.94
1.76 1.94
1.84 1.94
1.92 1.94
2 1.94
2.08 1.94
2.16 1.94
2.24 1.94
2.32 1.94
2.4 1.94
2.48 1.94
2.56 1.94
2.64 1.94
2.72 1.94
2.8 1.94
2.88 1.94
2.96 1.94
3.04 1.94
3.12 1.94
3.2 1.94
3.28 1.94
3.36 1.94
3.44 1.94
3.52 1.94
3.6 1.94
3.68 1.94
3.76 1.94
3.84 1.94
3.92 1.94
4 1.94
0. 1.96
0.08 1.96
0.16 1.96
0.24 1.96
0.32 1.96
0.4 1.96
0.48 1.96
0.56 1.96
0.64 1.96
0.72 1.96
0.8 1.96
0.88 1.96
0.96 1.96
1.04 1.96
1.12 1.96
1.2 1.96
1.28 1.96
1.36 1.96
1.44 1.96
1.52 1.96
1.6 1.96
1.68 1.96
1.76 1.96
1.84 1.96
1.92 1.96
2 1.96
2.08 1.96
2.16 1.96
2.24 1.96
2.32 1.96
2.4 1.96
2.48 1.96
2.56 1.96
2.64 1.96
2.72 1.96
2.8 1.96
2.88 1.96
2.96 1.96
3.04 1.96
3.12 1.96
3.2 1.96
3.28 1.96
3.36 1.96
3.44 1.96
3.52 1.96
3.6 1.96
3.68 1.96
3.76 1.96
3.84 1.96
3.92 1.96
4 1.96
0. 1.98
0.08 1.98
0.16 1.98
0.24 1.98
0.32 1.98
0.4 1.98
0.48 1.98
0.56 1.98
0.64 1.98
0.72 1.98
0.8 1.98
0.88 1.98
0.96 1.98
1.04 1.98
1.12 1.98
1.2 1.98
1.28 1.98
1.36 1.98
1.44 1.98
1.52 1.98
1.6 1.98
1.68 1.98
1.76 1.98
1.84 1.98
1.92 1.98
2 1.98
2.08 1.98
2.16 1.98
2.24 1.98
2.32 1.98
2.4 1.98
2.48 1.98
2.56 1.98
2.64 1.98
2.72 1.98
2.8 1.98
2.88 1.98
2.96 1.98
3.04 1.98
3.12 1.98
3.2 1.98
3.28 1.98
3.36 1.98
3.44 1.98
3.52 1.98
3.6 1.98
3.68 1.98
3.76 1.98
3.84 1.98
3.92 1.98
4 1.98
0. 2
0.08 2
0.16 2
0.24 2
0.32 2
0.4 2
0.48 2
0.56 2
0.64 2
0.72 2
0.8 2
0.88 2
0.96 2
1.04 2
1.12 2
1.2 2
1.28 2
1.36 2
1.44 2
1.52 2
1.6 2
1.68 2
1.76 2
1.84 2
1.92 2
2 2
2.08 2
2.16 2
2.24 2
2.32 2
2.4 2
2.48 2
2.56 2
2.64 2
2.72 2
2.8 2
2.88 2
2.96 2
3.04 2
3.12 2
3.2 2
3.28 2
3.36 2
3.44 2
3.52 2
3.6 2
3.68 2
3.76 2
3.84 2
3.92 2
4 2
