0. 0.
0. 0.13333333333333333
0. 0.26666666666666666
0. 0.4
0. 0.5333333333333333
0. 0.6666666666666666
0. 0.8
0. 0.9333333333333333
0. 1.0666666666666667
0. 1.2
0. 1.3333333333333333
0. 1.4666666666666666
0. 1.6
0. 1.7333333333333334
0. 1.8666666666666667
0. 2.
4. 0.
4. 0.13333333333333333
4. 0.26666666666666666
4. 0.4
4. 0.5333333333333333
4. 0.6666666666666666
4. 0.8
4. 0.9333333333333333
4. 1.0666666666666667
4. 1.2
4. 1.3333333333333333
4. 1.4666666666666666
4. 1.6
4. 1.7333333333333334
4. 1.8666666666666667
4. 2.
0.14285714285714285 0.
0.2857142857142857 0.
0.42857142857142855 0.
0.5714285714285714 0.
0.7142857142857142 0.
0.8571428571428571 0.
1. 0.
1.1428571428571428 0.
1.2857142857142856 0.
1.4285714285714284 0.
1.5714285714285714 0.
1.7142857142857142 0.
1.857142857142857 0.
2. 0.
2.142857142857143 0.
2.2857142857142856 0.
2.4285714285714284 0.
2.571428571428571 0.
2.714285714285714 0.
2.8571428571428568 0.
3. 0.
3.142857142857143 0.
3.2857142857142856 0.
3.4285714285714284 0.
3.571428571428571 0.
3.714285714285714 0.
3.8571428571428568 0.
0.14285714285714285 2.
0.2857142857142857 2.
0.42857142857142855 2.
0.5714285714285714 2.
0.7142857142857142 2.
0.8571428571428571 2.
1. 2.
1.1428571428571428 2.
1.2857142857142856 2.
1.4285714285714284 2.
1.5714285714285714 2.
1.7142857142857142 2.
1.857142857142857 2.
2. 2.
2.142857142857143 2.
2.2857142857142856 2.
2.4285714285714284 2.
2.571428571428571 2.
2.714285714285714 2.
2.8571428571428568 2.
3. 2.
3.142857142857143 2.
3.2857142857142856 2.
3.4285714285714284 2.
3.571428571428571 2.
3.714285714285714 2.
3.8571428571428568 2.
0.21428571428571433 0.20986394557823132
0.43680239649602837 0.7333333333333334
1.6428571428571428 0.4680025676743156
0.436802396496028 1.4
0.21428571428571425 1.7901360544217688
2.5 0.4680025676743156
3.3571428571428568 0.4680025676743156
3.7857142857142856 0.2098639455782316
3.3571428571428568 1.5319974323256844
3.7857142857142856 1.7901360544217684
0.1323434294352662 0.33333333333333337
0.09699951409135085 0.2
0.09780530544606697 0.09492745311398329
0.3571428571428571 0.14139874750548515
0.23366362977344945 0.8666666666666667
0.23366362977344948 0.6
0.7857142857142856 0.4461922114086169
1.7857142857142856 0.25035388904298134
2.071428571428571 1.5319974323256844
1.357142857142857 0.3157643098662755
0.6428571428571428 1.6688695685986525
0.2336636297734493 1.5333333333333332
0.2336636297734493 1.2666666666666666
0.21428571428571427 1.9072236187830076
0.10521441427824006 1.8971342159944027
0.3668595454054637 1.8486798366023882
0.13234342943526617 1.6666666666666667
2.6428571428571423 0.2503538890429812
2.214285714285714 0.3157643098662755
3.3571428571428568 0.22855041543521662
3.668476745918883 0.6
3.7857142857142856 0.09277638121699264
3.8947855857217597 0.1028657840055973
3.633140454594536 0.15132016339761212
3.867656570564734 0.33333333333333337
3.6272723402019516 1.2666666666666666
3.5 1.7496461109570187
3.2142857142857144 1.7496461109570187
3.867656570564734 1.6666666666666667
3.903000485908649 1.8
3.902194694553933 1.9050725468860168
3.6428571428571423 1.8586012524945146
0.3571428571428571 0.05265805122925766
0.5 0.12482334132319733
0.10732146779344028 0.8666666666666667
0.1073214677934403 0.6
0.3637576486570109 0.39798900333779175
0.7857142857142857 0.2173787929791272
1.6428571428571428 0.1557459173213336
1.7857142857142856 0.11498728692154302
2.0714285714285716 1.7714495845647833
1.6428571428571428 1.5752183220949012
2.6428571428571423 1.5319974323256844
1.357142857142857 0.14980327987204042
1.0714285714285714 0.2790652808495977
0.7857142857142857 1.8113228607225593
0.10732146779344018 1.5333333333333332
0.10732146779344018 1.2666666666666666
0.3571428571428571 1.9408863806929102
0.5 1.8826259141993704
0.10373879879634507 1.774576351112896
0.26868351614336483 1.6651083505082875
2.5 0.15574591732133342
2.6428571428571423 0.11498728692154297
2.9285714285714284 0.27802180852070574
2.214285714285714 0.14980327987204042
3.3571428571428568 0.10311346730551808
3.8409414388676884 0.6
3.7336923843357375 0.8666666666666667
3.6428571428571423 0.05911361930708996
3.4999999999999996 0.11737408580062957
3.896261201203655 0.225423648887104
3.657357727754402 0.3839754715621242
3.795750009813653 1.1333333333333333
3.795750009813653 1.4
3.5 1.885012713078457
3.2142857142857144 1.885012713078457
2.9285714285714284 1.7219781914792942
3.6640343658318635 1.6204555780213716
3.6428571428571423 1.9473419487707422
0.17049254878344486 1.0293594759597406
0.116382642973919 0.4663429632751416
0.17049254878344489 0.7333333333333334
0.2585300431119071 0.3281531469811525
0.44416842625140773 0.26753565526292866
0.7857142857142856 0.09695402721456622
0.9420338914813343 0.15716641009684665
0.6473711925278072 0.15716641009684684
1.6428571428571428 0.061493586077178655
1.9600280099568648 0.18267058798226216
2.071428571428571 1.896886532694482
2.3571428571428568 1.718298686101039
1.7857142857142856 1.7695927031290384
1.4999999999999998 1.7695927031290382
2.642857142857143 1.7714495845647833
1.357142857142857 0.05787250405633651
1.5 0.1259890475750714
1.2142857142857142 0.12598904757507132
0.7857142857142856 1.919181989438721
0.6469961778383602 1.8685541600139344
1.0714285714285714 1.7028530441996594
0.9285714285714286 1.8650997531289555
0.17049254878344475 1.4
0.47310623513078565 1.7100371866874435
0.3968298398563834 1.5605119422736113
0.3137304034046893 1.7590553324674565
2.5 0.06149358607717854
2.7936082312417514 0.1826705879822621
3.071428571428571 0.1665377420476837
2.214285714285714 0.05787250405633651
2.3571428571428568 0.1259890475750715
3.9344418141451416 0.6
3.878557435299952 0.7333333333333333
3.7532754142049543 0.32031828067269746
3.7952273429362764 0.46074876457661307
3.6489797988194512 0.26725948520053644
3.4912116060563045 0.33724284004842175
3.908754918390273 1.1333333333333333
3.8522524641019626 1.2666666666666666
3.852252464101963 0.9867413157749853
3.908754918390273 1.4
3.8820116427247857 1.5323787057772085
3.357142857142857 1.817329412017738
3.0635346259011054 1.817329412017738
3.7570756902122513 1.682203828691916
3.652100066796489 1.739408749321026
3.7681975436427755 1.5644748380652589
0.07474005097792324 1.
0.17049254878344489 0.9357488984502927
0.17049254878344472 1.1564211297912421
0.3036474726397366 0.714788524734823
0.07221214335151593 0.7333333333333334
0.24748318469828057 0.4589939906003569
0.9285714285714286 0.06292845125690473
1.0714285714285714 0.11561701645617957
0.5847710938756692 0.09048380595831582
1.8597309626253136 0.18267058798226218
1.9285714285714286 0.08007862604777476
2.071428571428571 0.11133863541737805
2.3571428571428568 1.8682051063086145
1.7857142857142856 1.8958681381043003
1.5 1.8958681381043003
2.6428571428571423 1.896886532694482
1.5376579757679418 0.30299376958118795
1.2698965530828121 0.23278379486915798
1.2022281802563144 0.391286753690133
1.1624813762327488 0.22084131952456482
1.2142857142857142 1.825671382849364
0.30364747263973635 1.3814551914014894
0.07221214335151585 1.4
0.5647443973817676 1.784147336998417
0.4496375889499825 1.8020839397269828
0.3090996226168447 1.5838266972613315
2.7030386699064715 0.1826705879822621
2.7857142857142856 0.07754071847680331
2.9285714285714284 0.1272278368519338
3.071428571428571 0.06795089939292563
3.2211686547459615 0.16583194137036733
2.394800832910799 0.3029937695811883
3.754709092393286 0.6963006459000882
3.8991416463087982 0.43552489802684247
3.754709092393286 0.5511795440299585
3.739762402151957 1.2976355764864478
3.7075216833165436 1.1949589480269114
3.470897232677319 1.010906519814378
3.654843557762345 1.0255702952081625
3.886802951850239 0.8622585404164533
3.403258957183858 1.9045973476791598
3.1541041872363853 1.817329412017738
3.071428571428571 1.9224592815231967
2.9285714285714284 1.8727721631480663
0.0737753974323698 1.1333333333333333
0.40915115367656385 1.0928903028754917
0.35537487159187425 0.8306869421486243
1.0263024540404724 0.19734114865288865
2.1153360797593574 0.23278379486915798
2.213504592663837 1.8747645605345755
1.9281671251923516 1.8327304206166692
1.6428571428571426 1.832730420616669
2.5007811216218765 1.874764560534576
1.4439938952471645 0.230412668040412
1.5578207968391642 0.20619585250402594
1.2142857142857142 1.9274690915506003
1.3640318045147155 1.8327304206166695
0.35973583048344754 1.4660411719107354
2.9846615017063804 0.2026248226863198
3.0936175329703444 0.34224250811753787
2.880674924565293 0.20262482268631976
3.2142857142857144 0.06767564392672709
2.3011367523900215 0.23041266804041238
2.414963653982021 0.20619585250402606
3.794831215172567 0.7877295376222819
3.307532537837382 1.9067679101561226
2.7848685900659502 1.874809292135421
2.9764679325775636 1.7973751773136804
0.2982777918201343 1.1564211297912423
0.5659804279210525 0.9241093207634192
0.33106116416146214 0.9722898038817229
1.964970698943258 0.5125723391921129
2.281751101880525 1.7932518962048267
2.204499923364675 1.640155689095044
1.9285714285714284 1.9316156741820203
1.6428571428571428 1.93161616279813
2.4325346124051883 1.7932518962048267
2.509785790921038 1.640155689095044
1.357142857142857 1.9314743031842447
2.8556367437807437 1.7973751773136804
2.77366634072518 1.6451068572848901
0.4234745662791778 1.2464003318007346
0.47406117684553223 0.8472271466231265
0.6541878932679036 0.7252599381293283
0.45230131834146997 0.966632700761884
0.58159734470959 0.8120481817404627
0.7693467928398003 0.895331834525597
0.6635409978722687 0.8805866667523647
0.6907121013886826 1.0726009555369656
0.5527222930837304 1.0618786123359372
2.0691978430214877 0.3882872848679143
0.37901179476301283 1.3276364241740417
0.6084161650662764 1.2384156962324333
0.4991948478669243 1.161911927421042
0.6161471296669265 1.1389230477268568
0.21472654060945157 0.09292641934986906
3.7852734593905484 1.9070735806501309
0.3355301611649581 0.24939918923409812
0.5730353145909821 0.4369776175612746
0.9137656856603632 0.3167980315339135
0.5544983906676315 0.22842137780813335
0.5304195586820121 0.3356634763778483
0.6743451409062423 0.3116545372649066
0.786973848897538 0.3317855021938721
0.6866125771376117 1.7678478043075
0.9080394126975893 1.7030057161513439
0.7777034648302616 1.668418511937724
0.7095386759570156 1.446929560791249
0.7099437813750695 1.568038459889414
0.5540413835497223 1.537044027006459
0.8966529518735633 1.5068587965671651
0.8142010195974402 1.5707215359610882
2.77753940880281 0.3486061629035435
3.4700712142269037 0.22628781755659527
3.5657535488472902 0.21957802325152104
3.5354863711844278 0.4985467414650394
3.371172366735077 0.3482764915547661
3.231366233330939 0.3925790270045227
3.06500832913121 0.8125827824063395
3.1941970525669894 0.2806477974871576
3.2892862120534945 0.2971868891317471
3.085612383614944 0.5777958195983395
3.1281718355611403 0.46132949806326917
3.2396436783726736 0.5680731117926968
2.945037075388125 0.46041713539116297
3.0367917038136016 0.42328773733181796
3.2650869599031727 0.4789307892496799
3.337273419358739 1.6746634221717112
3.4614502951592403 1.6192412090087063
3.4068717633723073 1.7376869195851483
3.527063720340354 1.4348185717779849
3.652306347825352 1.3955206257268855
3.670373218320932 1.5073518495805074
3.5631126548007077 1.5580699683205244
3.5665226625122073 1.6653773144669928
3.460101200778739 1.5148780227113299
3.079603448340047 1.6513938370964565
3.2154863558567537 1.5849852157311088
3.2485920690711483 1.6675614342999403
1.662618411688517 0.28106704163098994
1.7539892461934037 0.38523826770893266
1.6138946811233563 0.37042863563545503
1.4585821022110474 0.46961478733498496
1.9119374000435025 0.3512148656471462
1.7948145380039469 0.5560502896131346
1.8248885703881559 0.33074083011852723
1.7377358987937352 0.4794077126366417
1.8527904782761753 0.4532977998328095
2.519761268831374 0.2810670416309896
2.6111321033362604 0.3852382677089323
2.4710375382662138 0.370428635635455
2.315724959353905 0.4696147873349845
2.686607912665033 0.33181722734984087
2.725773304260209 0.6551669044202664
2.635639098153055 0.5341388293755719
3.746873378118509 0.9722215640256652
1.9253192502500562 1.646884241543976
1.6143818130765537 1.7039743713557851
1.7287854825596654 1.6617487817368062
1.8288347394675608 1.6778824268249886
1.8063959791546078 1.4987479011313267
1.7383463183770067 1.5663240401248997
1.6934486144472598 1.7540149644537473
1.3148831182026026 1.5489140319678887
0.27056625221567504 1.0565031773637505
2.180098130921375 1.7485069287765966
2.084607463040498 1.6517235084452337
2.3571428571428563 1.5301423935337524
2.6296782512452155 1.651723508445234
2.534187583364339 1.7485069287765969
2.7528930808944856 1.754487368008931
2.0121765122449893 0.2867725226967423
0.5191002042013722 1.3154809647369752
0.6318282121347193 1.3558391204646882
0.8446914678734401 1.252352470376515
0.7293625247260846 1.1977670101657316
0.609521943104096 1.453562028969508
0.7518810901568225 1.332113550872865
0.8729708444435423 1.3791363309392821
0.8094785151743014 1.4569657662940183
1.1782686607321131 1.2444932694622288
1.0684569188317727 1.4089463802970363
0.9655307666932613 1.4280307925836309
0.9914629154743645 1.2807950558858978
1.042523810433359 1.556176941581672
0.8797363658904882 0.22845324934272224
1.031024247614278 0.4584958974524175
0.680306357652627 0.42008394613809974
0.6978017682131907 0.5752869589419601
0.9898013321117719 1.7749965397502134
1.0985535165829552 1.8157943343569922
1.0714285714285714 1.919748806354351
0.8754886057672945 1.7894762254662946
0.5456343312544076 1.6385401773750328
0.46707527443168206 1.4927720926267458
3.561921713572301 0.4045625280526476
3.6449781909242924 0.4929110780459209
3.4503325112679546 0.748063078600136
3.6060092943367876 0.7426951064490779
3.454757629167305 0.4339769726230054
3.1708743165889914 0.7035756484358648
2.8815152916611178 0.37421065516818836
2.929140565504165 1.526319348102567
3.15804281606538 1.2155720343570964
1.3253126239536743 0.44711768676978497
1.324287268667015 0.8591745747955111
1.3590523565700456 0.6532313638923501
1.3774230982881384 0.5444058218241288
1.1933073069374374 0.5745446154129226
1.2340685099407165 0.4846827822077332
1.9790647299692747 0.4185461056543162
2.0049326275290236 1.0236703503888278
2.1875838225480746 0.44373638374196583
2.1897607306005633 0.7631521411679436
2.085426437668553 0.5077424864505291
2.2163994341521596 0.6032552940925601
2.0319525829372966 0.678601434888726
2.02814384207536 0.5836120597080413
1.9036423768445487 0.6361751780629451
1.9066290917499118 0.842380551277527
1.94089163039298 0.7387599699803016
2.0571215344456224 0.8346666389643251
1.742083824102055 0.7416395372248162
1.8411505612179477 0.7169215201033088
2.793520847697953 0.510635513114515
1.9728538600065075 1.7391007390544388
1.37770362597746 1.6841991107053316
1.5029183356599785 1.6117966316709276
1.4060783264971468 1.5887950382229643
1.48195961848293 1.2910708411387235
1.4898155750214574 1.451605169894837
1.555468650968764 1.5268667144750787
1.6644306358516352 1.3655492345645612
2.500250527551815 1.492483495853125
2.5575085291907764 1.562930264457247
2.444205057932972 1.5702463231909347
2.3382437164563754 1.1675823668339604
2.385430052268317 1.3468952784982746
2.411160618396065 1.4446740666102782
2.6403618721331883 1.2639108333774256
2.603121427785228 1.3983123685071162
2.5113035256650984 1.3005110217323734
2.798424676884281 1.3800675479490014
2.4183906787714924 1.2423566465324478
2.552145331949141 1.018651470748279
2.534595516460484 1.1599972704813137
2.705576346851195 1.4406072370361676
2.706147495818306 1.3400136754176553
2.8400975761067384 1.1577381568209477
2.7939080858028404 1.2641507379460881
2.8108127954031343 1.5005364403243566
2.9816520920987126 1.282412175830098
2.890730674223363 1.2429467864469441
2.4330136906117805 1.0756222279537015
2.686990123458413 1.1106683206266632
2.241899940104497 0.9734819121762116
2.6236706043921227 1.1751168352184045
2.4136248931175435 0.8820347212715404
2.321119031952708 1.055121537545256
2.3423897886400074 0.9552264625415062
2.272161529460293 0.8543529362957516
2.160531563660043 0.889404342778708
2.124850471796511 1.0053477241711017
2.0527694123033973 0.935172125487063
2.197301317572581 1.1315097859770535
2.4582407033596656 0.9753309132911603
2.3758883296418047 0.6995775191579922
2.2907929281769683 0.7546939314841817
2.2314266159990916 1.2915563888647743
2.254074731014081 1.2030659181365753
2.3089811236029636 1.6242205398173957
2.214035186733898 1.4924834958531257
2.301143429394646 1.4213502741375086
2.1567771850949367 1.5629302644572474
2.1066364410025176 1.381971280305512
2.2065460635392005 1.388541205743355
2.1300911839577252 1.466619933522371
0.961754459980158 1.0411872245393348
0.8405310776468428 1.1120155498951316
0.9522169844792082 1.1640154146125818
1.097547145431114 1.1135157613613729
0.8499021266985088 0.9889025193009411
0.7504775542834844 0.9930369572862252
1.0085246667975951 0.7708832843729828
0.9035721349676047 0.8612372906643783
0.8034250322097597 0.7482327304260101
1.0419743057515538 0.9158692681708026
0.9061374949861778 0.7580852606796465
0.8701653871775024 0.5927797650574483
1.0934339537066693 1.3067351763327477
1.1774098922228213 1.5040364980743495
1.2083037200789557 1.3743656835655251
1.20670172588517 1.6473063489011195
1.328523420964187 1.2781537181184022
1.1156104010497943 1.6179602283490833
1.2979759273188318 1.6389930916331408
1.1650743640033148 1.7384200732540769
0.9896777854241202 1.6427771691539699
1.0071793219092398 0.35886203219203144
0.5411034613143457 0.6110454799426965
0.3881370674987996 0.5845492137797035
0.30525525617781535 0.5358362596187612
3.3813763327267257 0.6154735244455936
3.5243313633010076 0.634028448143908
3.5326008665826363 0.8738526559143072
3.050987594039352 0.6930548233706799
2.876733759105234 0.7740812538256284
2.948300318029509 0.5993763950274023
2.9772181455701925 0.7622943466044255
2.8844691727872362 0.5313574245368151
3.1653182400483413 0.61555390794576
3.270596015022986 0.9063350142595963
2.974923473221769 1.6242827719226092
2.8720185944346106 1.612695090425344
3.0855077665639863 1.4912513943292802
2.1369445127088094 0.6721855777055836
1.657779443606338 0.6174007735348168
1.5068447078802913 0.6222167123603455
2.720883589549568 0.564731239206063
2.7032885100221082 0.446537623108584
1.2928318685418394 1.7512818211055972
1.5570540781972353 1.3678553810241614
2.73465720441163 1.5580262244941852
2.7172294215244497 1.2035846798173255
2.3347529822470987 0.5874880373781375
2.408267903767248 0.5151482319342828
2.552454793557643 0.690166563255542
2.502043862110654 0.5847945020151518
1.9503212115290203 1.4244318372647882
2.096505005000793 1.2366630943725447
2.004809224286457 1.3160637647969302
1.8279644548379104 1.2950277837228208
1.958423428917512 1.169847454648848
1.912577319017814 1.33757155808261
2.078287656459342 1.1183139982290289
0.7191785922924104 0.7992914450752929
0.7392844273199239 0.6686787943886597
0.9502891611265734 0.9455133739980399
1.1676669402040052 0.8105192214732403
1.0618390667949256 1.0169198706234188
1.2349935448724818 1.007808745719404
0.7882114917531226 0.5423740328527856
0.9072947062529555 0.4737685586500884
1.3975766422155302 1.375659617137743
1.390262043803061 1.4785302174852897
1.288564424267719 1.445171334749848
0.6293917456893173 0.6367207330098056
0.5401137017686738 0.7158251638995641
0.6057076312008429 0.5329339840929275
0.45652518130494335 0.6445313154164708
0.47985470927372786 0.5098469134388012
3.3087485511735832 0.7374711176189829
3.2544914485286793 0.6608105118980914
3.372224992503186 0.8405547451469738
3.3733338026254085 0.9536651621977531
3.3307147938138835 1.1380712468403615
3.276614774602036 1.0284399338751655
3.380896210264014 1.0525409359324989
3.491664617022061 1.1738940377633063
3.2207482166942043 1.1241726219443384
3.115019819754635 0.9752044273235142
3.218823221646976 0.8058956692604732
3.5295728101832125 0.7860358666412176
3.6321892976516543 0.8434699605033397
3.56659052072891 0.9715721569807295
3.5586509896501783 1.083666511857417
2.8165125005920055 0.961908286130892
2.952628253388303 0.9069950632780778
2.8594141397608586 0.8720958341601097
2.672305933847636 0.8378707898373999
2.5545768604836496 0.8899433678131236
3.048258323196383 0.9067348681727968
2.9301982961221644 1.0475515482600548
2.489445437549203 0.7907355333046242
2.5889331448178474 0.783044373948664
2.832205695926266 1.059353439704712
3.125412352668548 1.572902708144508
2.9853527124887465 1.4108151641057467
2.8858842015806503 1.4319452623906455
3.105507009421624 1.3430974532281195
3.2985248725688843 1.3480296261524958
3.40822552649555 1.403454910201089
3.405523134759693 1.2725283163932708
3.2029589358523207 1.308659956815055
3.2875874365538844 1.2389059449944675
3.205109138658903 1.4391137681682764
3.5167448869669555 1.282730334041931
3.3043848092057244 1.447485142946765
1.7520176404026104 0.6441762869756161
1.5512047160444509 0.524254364292048
1.4620771158930754 0.7765288177375188
2.630856943950578 0.6317775028647926
2.0399598559606282 1.4454680743437014
1.957854651741178 1.5379097561974742
1.7750614863527807 1.0310196759079133
1.0780081085314095 0.8312043626842983
1.114336026695118 0.68534411797579
0.9913533741345707 0.6414289685324527
0.9786357390824311 0.5429029724760204
1.2395494045410382 0.6910459875844033
1.082922248139009 0.579411487648232
1.3250117400842456 0.7533909351262948
1.130508312594411 0.4873918168556475
1.1562458185406046 0.9245493985229033
1.4729566901743139 1.0496286878872065
1.2797518495202596 1.143675456677063
1.1851219906695327 1.149906445453742
1.3511397264581646 1.044852612286381
1.3157567034236939 0.9551889496348118
1.4127923162918725 1.1715085192144248
0.38758285652414154 0.4894382638935289
0.4634819010926124 0.41066282485609645
2.680977862947726 0.9746672813513898
2.7437022253048955 1.0400278096290552
1.4433849688370044 0.6874561947031155
1.5857887184671262 0.7287690453398743
1.5840754157951018 0.9084353708986205
1.5492633511074563 0.8182620703317073
1.6638981354388303 0.8258128471092582
1.7835915863853582 0.8585933198053866
1.858052116304085 0.9487011290902245
1.954477143759347 0.9284994168904322
1.8912969324408484 1.068002331127238
1.8387397506865457 1.1756871858734572
1.4490312506476184 0.9109651662633759
1.698141848484379 0.9407902121540268
1.626441648623365 1.0798151636064384
1.5415647581543892 1.1768010716489195
1.6086122081518264 1.267520379309295
1.7252701801719257 1.2255987378772477
1.6415677621925786 1.175951323428477
1.5614539459910897 1.0049540544119793
1.4512695072578823 0.36406970821463464
2.3084123644007395 0.36406970821463436
2.8450103943005853 0.6590752247044903
1.7728956225329102 1.392199296146137
2.7616876833638377 0.7648524871192546
3.060800292923823 1.1089432004503923
3.0245734347491715 1.0163962816845515
3.1456378735493935 1.065477460121552
3.055585416147836 1.2113546743369372
2.9593552309915343 1.1551245434795034