0.0 0.0
4.0 0.0
4.0 2.0
0.0 2.0
0.307692307955767 0.0
0.6153846160050351 0.0
0.9230769240743191 0.0
1.230769232690708 0.0
1.538461541176993 0.0
1.846153849513157 0.0
2.153846156961943 0.0
2.461538463449961 0.0
2.769230768957192 0.0
3.076923075965624 0.0
3.384615383567866 0.0
3.692307691450333 0.0
4.0 0.2857142850699596
4.0 0.57142856987971
4.0 0.8571428550023311
4.0 1.142857140812647
4.0 1.428571427282776
4.0 1.714285714112242
3.692307692235968 2.0
3.384615384205055 2.0
3.076923075220044 2.0
2.769230766221689 2.0
2.461538457390136 2.0
2.153846149672808 2.0
1.846153841546819 2.0
1.538461534970406 2.0
1.230769227836879 2.0
0.9230769209118538 2.0
0.6153846137766594 2.0
0.307692307357039 2.0
0.0 1.714285714112242
0.0 1.428571427282776
0.0 1.142857140812647
0.0 0.8571428550023311
0.0 0.57142856987971
0.0 0.2857142850699596