0. 0.
0.14285714285714285 0.
0.2857142857142857 0.
0.42857142857142855 0.
0.5714285714285714 0.
0.7142857142857142 0.
0.8571428571428571 0.
1. 0.
1.1428571428571428 0.
1.2857142857142856 0.
1.4285714285714284 0.
1.5714285714285714 0.
1.7142857142857142 0.
1.857142857142857 0.
2. 0.
2.142857142857143 0.
2.2857142857142856 0.
2.4285714285714284 0.
2.571428571428571 0.
2.714285714285714 0.
2.8571428571428568 0.
3. 0.
3.142857142857143 0.
3.2857142857142856 0.
3.4285714285714284 0.
3.571428571428571 0.
3.714285714285714 0.
3.8571428571428568 0.
4. 0.
