0.047058823529411764 0.
0.09411764705882353 0.
0.1411764705882353 0.
0.18823529411764706 0.
0.23529411764705882 0.
0.2823529411764706 0.
0.32941176470588235 0.
0.3764705882352941 0.
0.4235294117647059 0.
0.47058823529411764 0.
0.5176470588235293 0.
0.5647058823529412 0.
0.611764705882353 0.
0.6588235294117647 0.
0.7058823529411764 0.
0.7529411764705882 0.
0.8 0.
0.8470588235294118 0.
0.8941176470588235 0.
0.9411764705882353 0.
0.9882352941176471 0.
1.0352941176470587 0.
1.0823529411764705 0.
1.1294117647058823 0.
1.1764705882352942 0.
1.223529411764706 0.
1.2705882352941176 0.
1.3176470588235294 0.
1.3647058823529412 0.
1.4117647058823528 0.
1.4588235294117646 0.
1.5058823529411764 0.
1.5529411764705883 0.
1.6 0.
1.6470588235294117 0.
1.6941176470588235 0.
1.7411764705882353 0.
1.788235294117647 0.
1.8352941176470587 0.
1.8823529411764706 0.
1.9294117647058824 0.
1.9764705882352942 0.
2.023529411764706 0.
2.0705882352941174 0.
2.1176470588235294 0.
2.164705882352941 0.
2.211764705882353 0.
2.2588235294117647 0.
2.3058823529411763 0.
2.3529411764705883 0.
2.4 0.
2.447058823529412 0.
2.4941176470588236 0.
2.541176470588235 0.
2.588235294117647 0.
2.635294117647059 0.
2.6823529411764704 0.
2.7294117647058824 0.
2.776470588235294 0.
2.8235294117647056 0.
2.8705882352941177 0.
2.9176470588235293 0.
2.9647058823529413 0.
3.011764705882353 0.
3.0588235294117645 0.
3.1058823529411765 0.
3.152941176470588 0.
3.2 0.
3.2470588235294118 0.
3.2941176470588234 0.
3.3411764705882354 0.
3.388235294117647 0.
3.4352941176470586 0.
3.4823529411764707 0.
3.5294117647058822 0.
3.576470588235294 0.
3.623529411764706 0.
3.6705882352941175 0.
3.7176470588235295 0.
3.764705882352941 0.
3.8117647058823527 0.
3.8588235294117648 0.
3.9058823529411764 0.
3.9529411764705884 0.