373 123 388
124 375 387
158 353 514
545 355 570
357 546 571
467 461 539
460 465 540
389 318 477
359 159 509
121 545 570
412 157 517
546 122 571
461 467 584
465 460 583
353 158 537
303 263 459
393 135 530
125 364 442
370 141 371
473 352 536
159 359 538
364 125 554
388 123 574
124 387 575
135 393 556
120 415 424
318 363 477
371 141 372
437 412 517
132 473 536
263 362 459
142 389 477
377 137 378
296 363 558
453 432 471
136 382 383
537 516 548
378 137 379
141 370 492
366 104 570
79 367 571
136 383 384
363 296 599
515 538 552
104 366 590
7 404 609
367 79 591
152 387 494
321 544 569
388 154 495
560 90 568
493 1 612
313 397 555
303 459 563
121 386 545
495 154 584
152 494 583
381 122 546
395 316 553
415 120 610
120 424 522
157 412 592
397 313 619
316 395 618
432 453 593
365 364 554
123 373 547
375 124 549
393 372 556
137 377 416
63 7 609
122 381 586
386 121 588
382 136 519
158 516 537
1 10 612
465 276 540
278 467 539
431 560 568
544 163 569
515 159 538
380 410 533
556 372 600
381 379 586
348 537 548
399 385 532
384 386 588
355 366 570
367 357 571
586 379 615
352 473 598
384 588 617
566 350 572
442 364 563
538 349 552
410 186 533
371 372 392
251 399 532
314 510 550
183 518 526
314 404 510
154 461 584
460 152 583
500 247 524
378 379 380
29 573 577
520 317 551
133 437 517
464 465 512
467 466 513
384 383 385
270 359 390
182 498 531
493 317 520
422 246 529
465 331 512
343 467 513
378 380 533
277 541 559
353 264 391
385 383 532
136 109 519
186 410 498
399 251 422
514 353 587
414 132 536
266 270 390
518 313 526
74 137 416
264 261 391
316 500 524
403 439 440
403 440 441
249 250 266
399 422 529
61 155 396
408 247 500
402 187 439
270 292 359
185 184 261
179 184 185
403 402 439
266 250 270
295 266 390
185 261 264
371 392 423
261 294 391
401 407 474
183 407 518
138 566 572
396 155 397
290 264 353
498 410 531
408 400 475
392 220 423
249 245 250
179 178 184
247 408 475
354 296 558
144 464 512
407 183 474
252 411 436
466 145 513
469 335 505
220 392 525
347 468 506
72 73 189
110 111 188
469 144 508
411 412 436
11 12 153
61 62 155
315 295 317
309 436 437
145 468 511
244 245 249
13 123 394
294 312 314
406 429 430
267 266 295
404 314 609
285 356 420
508 144 512
358 282 418
145 511 513
261 262 294
177 178 179
187 402 449
160 187 449
406 430 431
392 372 393
153 12 394
283 285 420
130 505 521
406 405 429
356 398 529
270 271 292
405 209 429
506 129 523
282 280 418
153 394 395
335 469 508
436 412 437
108 109 136
74 75 137
359 509 589
468 347 511
241 400 480
401 175 479
175 401 474
265 264 290
199 209 425
209 405 425
233 283 419
437 133 564
124 60 396
419 283 420
380 379 381
411 252 457
60 61 396
294 314 550
287 445 470
445 443 470
400 241 475
446 448 472
149 160 449
384 385 386
277 559 607
448 288 472
280 417 418
249 266 267
252 228 457
334 375 376
373 346 374
201 199 425
480 338 485
448 497 502
326 479 484
317 493 612
505 335 521
334 376 407
374 346 408
280 167 417
499 445 501
244 243 245
189 73 416
336 499 501
177 176 178
413 291 433
242 243 244
497 324 502
347 506 523
235 233 419
210 256 433
406 431 522
148 149 487
468 23 506
241 480 485
479 175 484
174 176 177
242 240 243
172 173 174
239 238 240
50 469 505
166 281 438
284 232 435
346 400 408
401 334 407
174 173 176
239 240 242
435 252 436
177 179 186
187 438 439
228 226 457
293 371 423
317 295 551
281 311 438
309 284 435
125 42 454
429 428 430
398 399 529
203 201 483
201 425 483
427 426 428
140 446 472
149 449 487
261 184 262
190 293 423
427 428 429
240 246 422
256 413 433
195 426 427
346 344 400
332 334 401
443 139 470
392 393 525
211 210 433
292 301 349
415 279 424
275 352 421
48 130 447
172 171 173
237 238 239
332 401 479
400 344 480
185 264 265
12 13 394
417 182 418
270 250 271
166 167 280
139 223 224
233 232 283
573 360 577
193 220 426
146 162 432
224 223 225
279 274 424
332 333 334
345 344 346
146 147 148
146 140 147
167 168 169
234 233 235
139 3 223
286 269 318
226 225 248
169 171 172
237 235 238
162 148 180
293 307 370
190 222 293
148 147 149
351 318 389
129 25 444
357 282 358
167 169 417
27 139 443
285 355 356
275 291 352
245 243 251
450 131 451
224 225 226
286 318 351
248 269 286
248 268 269
181 180 190
444 443 445
164 166 438
232 230 435
293 222 307
446 447 448
256 274 279
281 280 282
230 228 252
5 140 146
166 165 167
283 284 285
42 43 454
231 232 233
210 217 256
309 435 436
451 131 453
160 164 187
190 180 222
149 150 160
275 218 291
169 172 417
438 311 439
439 311 440
227 226 228
296 275 421
274 323 424
172 182 417
219 218 275
256 217 274
209 427 429
414 279 415
210 207 217
328 330 332
342 340 344
413 279 414
447 130 497
166 280 281
195 193 426
193 191 220
44 131 450
191 190 423
283 232 284
281 282 310
285 284 308
220 191 423
208 207 210
146 148 162
310 357 367
355 308 366
41 125 442
160 161 164
172 174 182
240 238 246
229 228 230
310 282 357
246 420 529
162 180 181
285 308 355
307 320 321
197 195 427
33 143 456
140 46 446
248 225 268
199 197 209
411 351 412
5 146 432
213 211 218
181 190 191
293 370 371
209 197 427
318 269 363
321 402 403
26 443 444
450 451 452
164 165 166
446 47 447
231 230 232
218 211 433
230 252 435
27 3 139
5 46 140
26 27 443
238 235 419
3 28 138
274 322 323
149 147 150
187 164 438
288 448 502
205 203 207
219 275 296
47 48 447
256 279 413
323 405 406
206 215 462
297 290 348
224 226 227
160 150 161
48 49 130
24 25 129
128 31 455
278 466 467
30 31 128
44 45 131
41 42 125
227 228 229
13 14 123
59 60 124
51 144 469
213 218 219
43 44 450
208 210 211
57 152 460
464 276 465
167 165 168
458 151 459
231 233 234
145 22 468
46 47 446
226 248 457
50 51 469
151 40 442
22 23 468
192 191 193
25 26 444
39 151 458
304 364 365
215 255 462
164 161 165
205 207 208
455 32 456
308 284 309
194 193 195
154 16 461
281 310 311
229 230 231
255 303 304
286 351 411
32 33 456
40 41 442
291 218 433
56 57 460
43 450 454
207 203 483
169 168 170
307 222 320
234 235 236
255 304 462
321 320 402
196 195 197
16 17 461
445 287 501
31 32 455
169 170 171
39 40 151
236 235 237
57 58 152
15 16 154
274 217 322
198 197 199
143 34 463
38 39 458
432 162 471
144 52 464
278 20 466
286 411 457
200 199 201
332 330 333
342 344 345
323 322 405
326 328 479
340 338 480
35 277 463
33 34 143
21 22 145
51 52 144
129 444 499
21 145 466
53 276 464
35 36 277
34 35 463
52 53 464
53 54 276
19 20 278
20 21 466
334 333 375
345 346 373
225 223 434
304 303 364
350 272 478
248 286 457
380 409 410
180 148 487
398 385 399
216 486 496
192 193 194
204 205 482
181 191 192
486 462 496
450 452 454
258 325 326
337 260 338
304 365 496
194 195 196
202 201 203
380 381 409
212 211 213
196 197 198
147 140 472
221 214 253
198 199 200
328 332 479
344 340 480
161 150 288
227 229 287
204 203 205
322 217 483
249 267 524
246 419 420
255 263 303
326 327 328
339 338 340
320 222 487
386 385 398
215 254 255
268 225 434
173 171 175
237 239 241
214 204 482
182 174 498
305 272 350
200 201 202
267 295 315
409 358 531
105 106 121
77 78 122
91 92 120
80 81 134
102 103 133
178 176 183
94 95 132
263 361 362
242 244 247
425 322 483
219 296 354
95 96 473
221 253 306
263 254 361
328 329 330
341 340 342
100 101 157
96 97 156
139 224 470
243 240 422
255 254 263
88 89 135
97 98 476
202 203 204
217 207 483
83 84 163
98 99 142
208 211 212
405 322 425
85 86 141
215 221 254
215 214 221
181 192 471
198 200 216
227 287 470
326 325 327
168 165 490
202 204 206
337 338 339
231 234 491
173 175 474
162 181 471
449 320 487
253 214 482
258 326 484
206 204 214
289 305 319
338 260 485
206 214 215
330 329 331
341 342 343
206 462 486
212 213 272
224 227 470
328 327 329
73 74 416
339 340 341
222 180 487
84 85 492
150 147 472
402 320 449
319 305 360
288 150 472
170 257 258
259 236 260
194 196 273
212 272 289
161 288 490
287 229 491
213 219 478
221 306 481
361 254 481
289 272 305
254 221 481
359 292 538
132 95 473
257 168 490
234 259 491
258 324 325
336 260 337
96 156 473
246 238 419
327 325 335
337 339 347
239 242 475
205 208 489
272 213 478
156 97 476
219 354 478
49 50 505
418 182 531
294 262 312
333 330 494
170 168 257
342 345 495
234 236 259
98 142 476
482 205 489
196 198 488
241 239 475
229 231 491
165 161 490
208 212 489
290 353 537
23 24 506
200 202 486
258 257 324
459 362 559
259 260 336
163 84 492
387 333 494
345 388 495
375 333 387
345 373 388
216 200 486
488 216 504
198 216 488
85 141 492
216 496 504
174 177 498
202 206 486
476 142 477
171 170 484
236 237 485
212 289 489
448 447 497
176 173 474
330 331 494
343 342 495
273 196 488
251 243 422
462 304 496
170 258 484
260 236 485
497 130 521
482 489 503
444 445 499
177 186 498
386 398 545
175 171 484
237 241 485
496 365 504
489 289 503
374 408 500
242 247 475
315 317 368
130 49 505
424 323 522
410 409 531
289 319 503
129 499 523
314 312 369
287 491 501
490 288 502
24 129 506
426 220 525
253 503 507
327 335 508
503 319 507
491 259 501
257 490 502
102 133 517
253 482 503
157 101 517
347 339 511
259 336 501
324 257 502
186 179 528
183 176 474
306 253 507
329 327 508
387 152 575
110 188 519
339 341 511
331 329 512
292 271 301
409 381 546
154 388 574
329 508 512
101 102 517
341 343 513
325 324 521
267 316 524
109 110 519
336 337 523
511 341 513
324 497 521
499 336 523
134 440 565
265 290 297
117 118 126
65 66 127
71 72 534
111 112 535
244 249 524
407 376 518
262 184 526
66 67 514
116 117 509
271 250 527
245 251 527
247 244 524
115 116 159
67 68 158
185 265 528
314 369 609
323 406 522
335 325 521
64 65 510
118 119 520
178 183 526
337 347 523
301 302 382
382 302 383
302 271 527
179 185 528
428 426 525
114 115 515
68 69 516
298 297 377
7 64 404
368 317 612
298 377 378
119 1 493
420 356 529
313 262 526
525 393 530
184 178 526
428 525 530
127 66 514
117 126 509
250 245 527
440 134 620
265 298 528
267 315 316
69 70 299
113 114 300
352 291 536
312 262 313
301 271 302
67 158 514
159 116 509
65 127 510
126 118 520
413 414 536
265 297 298
430 428 530
358 418 531
132 414 585
321 403 544
115 159 515
158 68 516
453 471 562
404 64 510
119 493 520
389 142 567
527 251 532
17 18 539
55 56 540
37 38 541
82 441 620
299 534 548
300 114 515
69 299 516
186 528 533
309 437 564
163 492 569
500 316 618
72 189 534
188 111 535
535 300 552
492 370 569
350 478 542
383 302 532
395 394 547
396 397 549
313 518 619
372 141 600
488 504 543
298 378 533
302 527 532
291 413 536
356 355 545
452 451 543
528 298 533
357 358 546
454 452 554
379 137 615
348 290 537
136 384 617
269 268 558
88 135 556
458 459 559
331 465 583
292 349 538
89 90 560
467 343 584
441 440 620
522 431 568
366 308 564
310 367 565
471 192 562
459 151 563
194 273 562
440 311 565
307 321 569
297 348 557
90 91 568
305 350 566
461 17 539
56 460 540
38 458 541
100 157 567
142 99 567
104 105 570
78 79 571
349 301 561
29 30 573
123 14 574
59 124 575
543 451 608
15 154 574
152 58 575
120 522 568
316 315 553
138 28 577
312 313 555
10 11 616
62 63 614
156 476 576
543 504 604
478 354 542
94 132 585
273 488 543
403 441 544
319 360 578
369 555 614
394 123 547
108 136 617
398 356 545
137 75 615
555 155 614
77 122 586
121 106 588
358 409 546
412 351 592
124 396 549
453 131 593
5 432 593
477 363 599
45 5 593
414 415 585
103 104 590
79 80 591
612 10 616
473 156 598
36 4 594
4 37 594
54 6 595
6 55 595
18 2 596
2 19 596
373 374 547
273 543 608
81 82 620
397 155 555
63 609 614
431 430 597
553 368 616
391 294 550
141 86 600
83 163 601
120 92 610
376 375 549
153 395 553
153 553 616
295 390 551
416 377 557
189 416 557
112 9 603
8 71 602
395 547 618
549 397 619
452 543 604
125 454 554
441 82 601
510 127 550
364 303 563
516 299 548
87 88 556
126 520 551
363 269 558
377 297 557
519 188 561
382 519 561
315 368 553
296 421 599
369 312 555
300 515 552
135 89 560
70 8 602
9 113 603
301 382 561
366 564 590
192 194 562
565 367 591
585 415 610
163 544 601
463 277 607
151 442 563
308 309 564
311 310 565
268 434 613
360 305 566
71 534 602
535 112 603
548 534 605
99 100 567
566 138 577
91 120 568
370 307 569
567 157 592
350 542 572
105 121 570
122 78 571
360 573 578
547 374 618
530 135 597
534 299 602
300 535 603
560 431 597
376 549 619
535 552 606
390 359 589
541 458 559
353 391 587
30 128 573
14 15 574
58 59 575
128 455 579
455 456 581
456 143 580
550 127 587
579 455 581
87 556 600
578 128 579
143 463 582
476 477 576
580 143 582
456 580 581
126 551 589
28 29 577
156 576 598
361 580 582
362 361 582
361 481 580
481 306 581
306 579 581
580 481 581
434 542 613
494 331 583
343 495 584
93 94 585
507 319 578
306 507 579
507 578 579
534 189 605
391 550 587
542 434 572
223 3 611
3 138 611
551 390 589
188 535 606
76 77 586
434 223 611
106 107 588
93 585 610
564 133 590
134 565 591
558 268 613
539 18 596
349 561 606
37 541 594
55 540 595
127 514 587
509 126 589
557 348 605
76 586 615
588 107 617
351 389 592
133 103 590
80 134 591
389 567 592
131 45 593
155 62 614
11 153 616
554 452 604
277 36 594
276 54 595
19 278 596
421 352 598
562 273 608
86 87 600
82 83 601
360 566 577
504 365 604
451 453 608
92 93 610
430 530 597
75 76 615
107 108 617
134 81 620
573 128 578
374 500 618
576 477 599
544 441 601
278 539 596
541 277 594
540 276 595
113 300 603
299 70 602
518 376 619
576 421 598
354 558 613
561 188 606
572 434 611
189 557 605
368 612 616
542 354 613
365 554 604
609 369 614
135 560 597
348 548 605
453 562 608
552 349 606
559 362 607
421 576 599
362 582 607
582 463 607
138 572 611