0.14285714285714285 2.
0.2857142857142857 2.
0.42857142857142855 2.
0.5714285714285714 2.
0.7142857142857142 2.
0.8571428571428571 2.
1. 2.
1.1428571428571428 2.
1.2857142857142856 2.
1.4285714285714284 2.
1.5714285714285714 2.
1.7142857142857142 2.
1.857142857142857 2.
2. 2.
2.142857142857143 2.
2.2857142857142856 2.
2.4285714285714284 2.
2.571428571428571 2.
2.714285714285714 2.
2.8571428571428568 2.
3. 2.
3.142857142857143 2.
3.2857142857142856 2.
3.4285714285714284 2.
3.571428571428571 2.
3.714285714285714 2.
3.8571428571428568 2.
