1. 1.
1.1147505868557215 0.9837989404459468
1.2365311942414963 0.931768506201896
1.3553397617954142 0.8482276731303209
1.4604814679828255 0.7496107128371248
1.5552934096041842 0.6431029953519366
1.642727387806923 0.53220464373647
1.7249261184876503 0.4187651272834688
1.8034368069786273 0.30387821510278007
1.8794238057403234 0.18827029001887147
1.9538142548165407 0.07248477532608616
2.0273947618035084 -0.04301831204968858
2.1008791532411935 -0.15779828408147226
2.174960921405227 -0.2713813695076141
2.250359292043628 -0.383204785553777
2.3278649763640407 -0.4925427691645261
2.408389252663086 -0.5983949786968478
2.4930152527394056 -0.6993062741890892
2.583035305253186 -0.7930682669315147
2.679906698271492 -0.8762360657719566
2.784881903313363 -0.9434506826804336
2.8975240349862657 -0.9870724615009877
2.9999999811623423 -0.9999999999999996
3.1147505868557404 -0.9837989404459416
3.236531194241522 -0.9317685062018817
3.355339761795456 -0.8482276731302866
3.4604814679828966 -0.7496107128370508
3.555293409604314 -0.6431029953517811
3.6427273878071675 -0.5322046437361443
3.7249261184881233 -0.4187651272827946
3.8034368069795472 -0.3038782151014034
3.879423805742131 -0.18827029001608322
3.953814254820113 -0.07248477532048928
4.027394761810612 0.0430183120608353
4.100879153255387 0.15779828410348823
4.17496092143373 0.2713813695507053
4.250359292101146 0.38320478563723015
4.327864976480726 0.49254276932404084
4.408389252901175 0.5983949789964875
4.493015253228415 0.699306274738168
4.5830353062652325 0.7930682678998643
4.679906700384235 0.8762360673711731
4.784881907763058 0.9434506849975645
4.897524044405098 0.9870724638722616
5. 1.
1. 1.125
1. 1.25
1. 1.375
1. 1.5
1. 1.625
1. 1.75
1. 1.875
1. 2.
5. 1.125
5. 1.25
5. 1.375
5. 1.5
5. 1.625
5. 1.75
5. 1.875
5. 2.
1.1428571428571428 2.
1.2857142857142856 2.
1.4285714285714286 2.
1.5714285714285714 2.
1.7142857142857142 2.
1.8571428571428572 2.
2. 2.
2.142857142857143 2.
2.2857142857142856 2.
2.4285714285714284 2.
2.571428571428571 2.
2.7142857142857144 2.
2.8571428571428568 2.
3. 2.
3.142857142857143 2.
3.2857142857142856 2.
3.4285714285714284 2.
3.571428571428571 2.
3.714285714285714 2.
3.8571428571428568 2.
4. 2.
4.142857142857142 2.
4.285714285714286 2.
4.428571428571429 2.
4.571428571428571 2.
4.7142857142857135 2.
4.857142857142857 2.
2.9911128565530345 -0.6578231892036819
2.9694441681358352 -0.8295897902558786
4.752173936579629 1.1951563997187584
3.044964217233503 -0.9039930326814959
2.8134520073168057 -0.7832481520261407
2.87380454504956 -0.8810763071947098
4.640911521891737 1.0527203926767845
4.799360140204309 1.073310043760244
4.692825939090599 0.9716409057459339
2.140553051982294 0.6185240978187163
1.5696167487004953 1.2792170924047002
1.2856678383874138 1.2153089339297694
1.3069196428571428 1.6875
3.930918934522628 0.6917837925736161
4.642857142857142 1.6492346938775504
3.1844823186216744 -0.7314936825344489
3.081778620737347 -0.7910976072154783
3.146992079389338 -0.8748134286487304
3.3121968583163492 -0.20620036638167727
2.714900855499451 -0.281669897454198
4.883849730386431 1.1875
4.7654767890362315 1.4375
2.690227096230959 -0.6000596640599164
2.696973549160283 -0.7583567358948117
4.54239709079902 0.9384028276367667
4.713990159977282 1.1103095160099268
4.559915415545729 1.2306634101121587
2.7857142857142856 1.531997432325686
1.8545725229548888 0.7891429568989352
1.9479836232819023 0.4869272244881509
2.3482238480641375 0.24255235686940402
1.7857142857142856 1.610753738292244
1.5946475852913422 0.998011150573827
1.137350429677745 1.1875
1.2224064396742425 1.4375
1.3571428571428572 1.8478774713010204
1.1725507305194804 1.8125
4.01580440742008 0.4600255544474847
4.178398989800177 0.6897995406689168
3.7857142857142856 1.5319974323256844
4.824847394314869 1.6875
4.642857142857142 1.8318900742115023
4.357142857142858 1.7155264378478667
3.2480362569477643 -0.8218776552255391
3.325135341809264 -0.7001289319205216
3.409426388665785 -0.43818284941724217
3.563898480742826 -0.2244535587964674
2.4766230713890964 -0.3049541548806107
4.905354201078503 1.0882869200500627
4.825068630147582 1.3126919395635017
4.891066461458585 1.4375
2.606906077299936 -0.6800554307910822
2.549675393603131 -0.5370556597721288
2.9285714285714284 1.7496461109570194
2.642857142857143 1.7496461109570194
1.7207760719951442 0.6836557624870512
1.8471061777739703 0.4179902363690637
1.987635226719393 0.3206270067178033
1.8189491452335802 0.5674701232699187
1.8934830606984847 0.33483043547317687
2.1647510623714967 0.1256721859900296
1.9285714285714286 1.7857156367147218
1.6428571428571428 1.7857156367147218
1.4016363456356697 1.04032180812901
1.4947690710126196 0.8915244228192174
1.2255545502465566 1.0746098825358843
1.10242143724638 1.4375
1.1624139384603114 1.3184418414588195
1.1624139384603114 1.5919944992114299
1.3571428571428572 1.9407082465834453
1.5 1.8736302028517051
1.074956230335652 1.8125
1.1071627629669416 1.6976772238193711
1.2065188908064857 1.6823367555698197
1.2142857142857142 1.9152106185236233
4.122172385590624 0.38830558267483767
3.836153744088756 0.24636762706116766
4.280645122180501 0.6120184924301283
3.9285714285714284 1.7496461109570187
3.642857142857143 1.7496461109570187
4.923574687417386 1.6875
4.874211040866127 1.566805328794978
4.642857142857142 1.9311197532695827
4.5 1.8704208886142564
4.785714285714285 1.8704208886142561
4.8904682068317475 1.8059593972630852
4.2142857142857135 1.8308606794872557
3.5123272291754217 -0.5193114659845821
3.2108829917628947 -0.5188289670694605
3.672277692724014 -0.2985170564502876
3.696747921311894 0.01088634285618198
2.3748982045579443 -0.3770631800865244
2.4470078898645844 -0.473750234458162
2.3342746386682176 -0.2119485246003215
2.3089596098310228 -0.30573152936953935
4.92369930269865 1.3125
2.9285714285714284 1.8850127130784575
3.2142857142857144 1.7219781914792944
2.642857142857143 1.8850127130784575
2.3571428571428568 1.7219781914792944
1.6472681210028743 0.6257009553040582
1.6080936442942904 0.7855592624304306
2.0110650006538306 0.19105764596909353
1.7378796022360414 0.5146517977438856
2.0681018255512953 0.0641024045520874
2.1962057061152223 -0.030346295317821653
1.9285714285714286 1.9047626553181758
1.7857142857142856 1.8452391460164488
2.083332657835245 1.8452391460164488
1.6428571428571428 1.9047626553181758
1.3405325845985123 0.9534223835714188
1.492555834839357 0.9936838690837979
1.5377179461610402 1.134660701811182
1.1236763532267087 1.085912873520223
1.0692900593984782 1.3125
1.2800489042461547 1.3338104382292741
1.4200347057362928 1.281064116494974
1.0718594817390839 1.5625
1.4521279401189109 1.7300797014518976
3.957368712666718 0.16876342450360723
4.332918851972304 0.786828019045058
4.145601720176233 0.5405925582432788
3.9285714285714284 1.885012713078457
3.642857142857143 1.885012713078457
4.750991854971727 1.5868512700455915
4.541599876666091 1.7405623840445263
4.737659692494741 1.7644939406200058
4.902709785785097 1.9079438368156212
4.2142857142857135 1.9305127014347467
3.3850811797566243 -0.5748838142585444
3.23564536688954 -0.6298741006890229
3.1083643558440266 -0.5999734809048438
3.542692530547794 -0.3718137585490283
3.697783395685999 -0.14486490679854175
3.81430514871444 -0.06464240494814638
2.2236562502531045 -0.15867049491774943
2.7857142857142856 1.8173294120177383
3.3571428571428568 1.8334622579523165
3.079322516956038 1.8173294120177383
2.4921060544725333 1.8173294120177386
1.601207383401621 0.891774875603513
1.7304683710644684 0.8468241992529728
2.114178945432922 -0.06837043498854445
1.7857142857142856 1.9391032014097218
2.071428571428571 1.9386453748032835
2.2142857142857144 1.8836993232573616
1.4940841903891002 1.2200869243473174
4.037948735263574 0.27990208428011454
3.8242983094500413 0.09438105701121366
4.273906528767696 0.7092540862288658
4.389513172616697 0.7001648737409356
4.457131174691328 0.8238529797996729
4.2275010628001395 0.4815476051865822
3.7857142857142856 1.817329412017738
4.063732186853068 1.817329412017738
4.442273942699977 1.7803360121810814
3.315634925861444 -0.49199774930006046
3.296101112963054 -0.3493133649605148
3.454293950895377 -0.648648549326757
2.989540864154614 -0.34451722488128866
3.0816983637267423 -0.6936753166044823
3.62426671140964 -0.43232743929290274
3.7407291793764146 -0.23093675428226412
2.8318303857552864 1.90459734767916
3.3571428571428568 1.9320491006070746
3.5075613309179223 1.817329412017738
2.9887529556207575 1.8173294120177386
3.2142857142857144 1.8727721631480667
3.071428571428571 1.922459281523197
2.5826756158078137 1.8173294120177386
2.5 1.9224592815231971
1.766867518526743 0.7627899864861661
1.9600008073542232 1.178326164861566
2.191382742595222 1.719510533139796
3.8885053388279025 0.010520516194599205
3.8318303857552864 1.9045973476791598
4.071428571428571 1.9224677121098899
4.357142857142858 1.8852849550881716
3.4257051283051347 -0.2914281375883971
2.9867288311598252 -0.5011882599210971
3.14418444307966 -0.2597658476072519
2.7361039664088103 1.9067679101561223
3.5479211786046716 1.905718638445915
3.1663892102795796 1.7973751773136806
3.2703757874206665 1.7973751773136806
3.3793318186846304 1.657757491882463
1.7480791758160665 1.1640386524384734
1.873777406378732 0.9928120945249388
2.165752936184914 1.8067774602951228
3.7361039664088103 1.9067679101561226
3.2401713004654886 -0.2705613730248418
1.6374375114462136 1.1884535993659657
1.6716813370484724 1.0807310672307318
1.711519112770555 0.9664025539960182
1.7814294544725375 1.0567701372112046
1.8811887022124678 1.1021619967457856
1.8280307101356794 0.8943857308175468
2.912614342138095 -0.7351705239935544
2.8479473743085575 -0.5910340205335582
2.7752189441716713 -0.677184332832552
4.483719871893385 1.0885753075849012
4.346337845726726 0.9686775037454513
4.374200959896081 0.8752015875358824
1.2733001847726273 1.786080738281642
2.6780429449678196 -0.4389645123538752
2.1210817458400566 0.4403224272408778
1.9649307036302217 0.6577093221023058
1.3248707154896384 1.1153684656393754
1.4256211314682958 1.1416412917436747
1.291778647439673 1.5533334930639635
2.568038172504154 -0.009602593164105
2.3248672769883347 0.07677296578863385
1.7507359259444077 1.7279964421543466
1.859234397837589 1.696526935527122
2.042097613292788 1.465391232675058
2.0246400365305877 1.6394837040347454
1.365308527018943 1.7572677469604558
1.540985611226273 1.780204503959632
1.5899841189694819 1.589520778974291
1.683093456265514 1.6439767893640003
1.5926231247015494 1.691836148112219
4.054242761963021 0.6388823057895476
3.9506511097200314 0.5675865367005186
4.0525340206347895 0.5456907378434848
3.5339125795943342 0.5650422040297771
3.8389232862756137 0.42639598250177635
3.921097184190558 0.4761714709910027
3.938994284684164 0.35390749990630505
3.9300326576638787 0.25953429967027364
3.5614282066449365 -0.06789236429475887
2.765844847930167 1.674663422171712
2.890021723730668 1.619241209008708
2.8354431919437357 1.7376869195851488
3.123680185231289 1.2339062789328221
3.0620804614639 1.6392783817207812
2.9774452145577706 1.4087427626258062
2.971775534449432 1.6659739140977314
2.9008400629247797 1.5003308094698249
3.021459716172597 1.523387606825231
3.1530909988453217 1.4070802078852342
3.0655782556675777 1.4406781407256717
3.057017701638576 1.326723548320932
2.7485350378449955 1.107052257583032
2.936363995428554 1.1697210646839884
3.0203498847039847 1.230040744445652
2.5081748769114753 1.6513938370964576
2.6440577844281816 1.584985215731109
2.677163497642576 1.6675614342999407
2.3568095966959834 1.8656411437090525
2.2752783803653913 1.793620149973739
3.7658448479301674 1.6746634221717112
3.8900217237306687 1.6192412090087065
3.8354431919437357 1.7376869195851483
4.089989587093466 1.2741862864084652
3.960155082597544 1.4294146023409615
3.891231207521701 1.5118190224687462
4.307683724650502 1.800405696468019
3.1054992090136775 -0.4249592738124573
3.0781178475644917 -0.5129380885158078
3.2109371900054273 -0.41267817697489395
3.083614312905623 -0.3327078424050321
2.917213163745114 -0.029080101227252964
3.5210345189866987 1.6751949871973644
3.4412174247404903 1.739334762255492
3.491725723301444 1.3288880688227525
3.6432441389522556 1.5848718973559321
3.470039522062413 1.5051171211820433
3.677027765440195 1.6673388043523376
3.4581971832701575 1.6013517784220965
2.9398466397083363 -0.5808792531752102
4.552821862538808 1.0290258998151935
4.575984252670707 1.1305722103299196
4.449808318974268 0.9887751944391533
2.640455632580283 -0.5228157026550654
2.764388746876781 -0.5134422373762599
2.6001029940834393 -0.33773565293431057
2.5449464403243764 -0.4298201939814947
2.5907462943513133 -0.1730167795025867
2.555270892557915 -0.2576571120840439
2.4587075068888153 -0.16742979742003417
2.527762410441141 -0.0984841938690525
2.433706883886117 -0.0022978525199958766
2.329150156320459 -0.08111361546485203
2.509988066051931 0.16168090965233825
2.2826713996888626 -0.003373032357430583
2.425718847656379 0.10115007707867155
2.021891152337616 0.4166720308011118
1.852922215000647 0.6757093658294591
1.914244556428127 0.5765071224369616
2.0362931535359396 0.5643959737247658
2.084551988267324 0.8701971802120058
1.9574047747157175 0.8940994112980236
1.9726886108454136 0.7762711556020808
2.0688793225389883 0.7104423375964046
2.0497843656633763 1.0353808792691803
1.9681058099203477 0.9879451501861378
1.3990590403913663 1.4375262913199953
1.3107289030295162 1.4632941490458042
2.2657047682096545 0.16964338352093133
2.211192703023302 0.3144930973832935
2.0982110703698234 0.27371915966766414
2.277579311427566 1.4979641957684597
1.9153400155729519 1.5406018215685167
1.9302133814953377 1.6340102518421769
1.75316541904612 1.3957741349832045
1.6977410292614514 1.5141194568732967
1.6874132244094966 1.296517143502008
1.6106948921787962 1.409204581207713
2.006452715516507 1.549738385262817
2.1489685900140163 1.5602599417962824
1.9086410717320004 1.38488966944282
1.8105057621128782 1.4947792535255011
1.4981741924021077 1.3732785151550027
1.522758274653113 1.4904518484585338
1.4632924440266455 1.603147364424107
2.2558740143842977 1.6170606891838306
2.3894209250569003 1.5798734316969052
2.1206983132999833 1.6530628337453812
1.9537698669007695 1.4609483434639359
1.3675204127572833 1.6127234639531844
2.50964784967432 1.29840080258042
2.4168129781850003 1.4251606448710699
2.505957282791803 1.5207250214309436
2.528953216706765 1.409914011362223
2.7222450951602046 1.3190232798229469
2.6131135822574763 1.337916323386204
2.8455079667580674 1.3762198168302606
2.917476356581835 1.284647766122281
2.6130940138642607 1.182754697812392
2.6878889690893772 1.4452062888332484
2.8187534543944857 1.2094077460351933
2.7796504393407835 1.4403054742633405
2.6019231587923874 1.4950112016737298
2.7135873942026367 1.2141088170492922
2.0316196271740568 1.74874162772966
3.6075416179810134 -0.14546485735106912
3.469754313110392 0.24518766641972467
3.442925652578733 -0.1480622222774582
3.3933673352931684 0.05285890074147766
3.3296625219754197 -0.06942672670042455
3.4551556795666274 -0.03847313840853399
3.138795450850642 0.1077420097004004
3.19262524850733 -0.12142937903007267
3.258547908033022 0.04535685382613687
3.032232021655328 -0.14291444382288257
3.317885531708507 0.19417155880312637
3.1537664324871226 -0.00964917731044028
3.0310772164132347 0.034354403113136256
3.1178852451086967 -0.17290733849651319
3.232713633152387 0.1418952267203915
3.0738679891836567 0.4324962714900431
3.131114418432938 0.2750738952842853
3.00594746373895 -0.05444748778193362
2.832394009991911 0.25707854688442006
2.906818015239594 0.12348849299478853
3.203339807454711 1.560710296393556
2.452797318313251 1.729777022193857
4.326078771535382 1.2645854292984378
3.3049121229714156 1.2922113837047826
3.6571029768483996 1.4038345060400326
3.812091875547753 1.3755995827932446
2.8707876688667886 -0.42074651939372876
2.860973723353887 -0.27484393921585487
2.7914208455746823 -0.3528036733992338
2.9661399575943648 -0.23424037353765848
2.87248430812348 -0.14816126381497138
2.741964463554625 -0.03119481937460799
2.830000600767689 -0.06426264962852272
2.7444995755239687 -0.15816837431079556
1.367455534449979 1.3536523459217031
2.40653617794015 0.5201017345756095
2.2173024107237493 1.2402675745736969
1.8230613220617666 1.2783164667191953
1.9295788841970982 1.2804288574273353
2.074512752455283 1.2680289923106725
2.0742526293954406 1.1504183827673604
2.17140352928128 1.3852855939581659
2.187692970468989 1.4762996612837809
3.55444361699621 0.09971520499414652
3.415398633122223 0.155442401007566
3.31975267803479 0.44016883984747945
2.9791720242066306 0.3089402343873052
3.157640662544302 1.6448175020224478
3.276149480075283 1.636773827398575
3.3320030337342326 1.5104303166824773
3.239627870682455 1.463808670420732
3.397130684356677 1.4066963409292763
3.301679737963659 1.389198974142679
4.436841040726048 1.205188539854221
4.317352440498081 1.1153405162010492
3.1991380228192594 1.3101754176883387
3.6918818328307377 1.49754606819361
3.5804238440560905 1.4856016347965537
3.685633920811757 1.1209435219970634
3.9326498631601057 1.2744973715205279
2.7510962661220693 0.12426086527225706
2.647370737023014 -0.08186335748505497
2.2714607092510923 0.45283373844733305
2.5157479014586257 0.849578880954169
2.2999338494266803 1.0017812069437957
2.1814299612650276 1.0675010340523583
2.136135423254759 0.967305154544129
2.2957169122183765 1.1338784828944164
2.167686028953965 1.160462226339177
2.467506285100089 1.0732465631189132
2.3640685870761566 1.2663497609581338
2.369811049457628 1.070127841167306
2.422458529115572 0.9464070272578134
2.2794573547314996 0.7932332072524856
2.197988998510971 0.8721942775694294
2.1841582246987135 0.7264285629571271
2.292289030454432 0.6199690685476401
2.3250159442184812 0.894039243849777
2.403180338264759 0.7980154251099176
2.344591740853817 0.7109497433058711
2.5342099088540064 0.6606205158554689
2.4923906267846387 0.7519156899276798
2.014913636485162 1.3595834047088722
3.6021585839385657 0.01775427994860572
3.690604343070387 0.15944485123362517
3.198298982756358 0.38862544961256174
3.2458253722898753 0.28385453360089397
3.0659511905104 0.34049735811936743
2.9272076390696706 0.22237381127988048
3.027635817405955 0.15515383032946067
4.205081676233615 1.196782543751166
4.010841037125352 1.0322324027162755
4.084667098384346 1.142004815930262
4.011194807162894 1.2111611842117467
4.178366294262126 0.9992769927187135
4.242000161072252 0.8831279125151795
4.216672420304176 1.0946551442376093
4.10152796937615 1.050953645476747
3.712150890562146 1.2665021233977065
3.6033201646202206 1.3025775453546307
3.8260240718542846 1.1705627585470237
3.8148017007429242 1.272791958083057
4.011450346006039 1.3404068776752578
4.213830473421235 1.5007496330945176
4.128914640406784 1.4000373779835278
4.217106494669762 1.3171873910051066
3.901605988215366 1.3599095059432453
2.828570453485636 0.045912784133160786
2.8291748047490257 0.16775899555450727
2.6512881772621846 0.27664345509148824
2.663913108235692 0.051386138984260095
2.6444346530288665 0.16327688665926218
2.2000080244894074 0.40166387348440635
2.3174876086919456 0.35048397249580765
2.4905513399466876 0.3414259522385292
2.1899158776753116 0.5229658338826599
2.498155278303592 1.1840309526980872
2.615492626023688 1.0280345237424042
2.5208032783884824 0.9828985974084171
2.425465372007166 1.3341228097499234
2.3020006636923656 1.3751280022344965
2.316265647167119 0.5321156420375603
3.7804903641538203 0.17425388150575266
3.682240036727195 0.3387709044684812
3.58507977726923 0.21493847499272264
3.3676905373172836 0.321858355925511
3.508985113823034 0.40368041254823583
3.4117991596469266 0.4085977307417847
3.0446778808887123 0.24505398624488617
3.8186327100643402 0.9680594982529044
4.153227997827688 1.6658890442607188
4.034989643689161 1.5671555241344504
3.9870327875056724 1.6614636342446627
4.111978278111847 1.5004719657544157
2.7372158943234446 0.22404707298202364
2.4511665641104567 0.2462436641348543
2.6411966581430986 0.483404125432497
2.4074468932473394 0.4114396810373575
2.5201692399338262 0.4609098731081764
2.564704363361515 0.5581277149551507
2.7468947126512377 0.6681172772965867
2.6388994080468566 0.7685011067845205
2.641525231018401 0.6367669303853205
2.8498872332831278 0.8872029434783626
2.6366275043182292 0.8991184215922122
2.7633686245198117 0.7941241721762106
2.743597679051088 0.8992514554839582
2.809033435887322 1.0016557552173257
2.709321408578406 0.9932624800530034
2.985589503237506 1.0001594736390977
3.076804873211433 1.1039354805058819
2.855747180810639 1.0985313245535508
2.897037251690027 0.9685508509351476
2.985631733520308 1.0920978695895736
3.2917994967208144 0.822987439947839
3.26352776589036 1.1100303711610169
3.2368566180798974 1.2118799613949842
3.1563326842790547 0.942057885893266
3.0830071377645556 1.0065083986446988
2.3966824754078053 1.1691092241527536
2.6591201496906716 1.1060895568601912
2.557960830175199 1.104521293540377
3.576932031330107 0.3213639926793197
3.631622139706425 0.4673415357338241
3.732494979045439 0.432805512041382
3.7435936616901953 0.6298052887466502
3.8241440215396603 0.5435127470990808
3.7104032313802966 0.5328626593907455
3.8433992139450255 0.6422280488218073
3.8098529711286853 0.8035351710019883
3.7823305286606805 1.0707710489496094
3.8969230217763777 1.0535013453381123
3.968615538752518 1.1217806295726513
4.144508879722855 1.7629009457504825
4.273306312812963 1.6162655208806083
4.433820081036991 1.4605524034474338
4.321663099449384 1.394614342428559
4.244602974782501 1.7169032647541258
4.329926955905388 1.5140440134991546
4.440751720008716 1.6016533448011674
4.43399563316828 1.3328546794288867
4.565497849565242 1.5248044119446962
4.539275055716965 1.6361877363322674
2.598593500973191 0.37769815476571605
2.8431999713732417 0.460130799858509
2.7322332893962407 0.38527496147145524
2.8307012264192726 0.35898229318841907
3.0198739549157967 0.8209788651656732
2.896943788360462 0.7567131317490414
3.0434079375774266 0.6262562515198153
3.1849768739113893 0.5492373790280276
2.994834684199887 0.7191691898834837
3.234377695034272 0.47247650481303394
3.9750361823200384 0.861032408648433
3.9380576319959752 0.9581102415887045
4.031453212519904 0.7559522176725192
4.109078196146922 0.8653137905329754
4.126472562035739 0.7707373049577065
4.039703844380697 0.9368519004552183
3.5838345448506317 0.8980929307806697
3.6874140320238236 0.9794528736705661
3.6995790088356144 0.8573520345864343
3.5886886371220883 0.727098497039359
3.7113578306833217 0.7416001491783486
3.9119845510361944 1.1890371378133717
4.5746606226486035 1.3775070390161988
4.670960671245351 1.2936750029002326
4.6546895891620945 1.4564189929110485
4.659687387642135 1.5534965999249684
4.74226389860513 1.3497859647165504
2.955956560932006 0.4247995730047114
3.008848130482338 0.5215490472406016
3.3564472427479 0.6233176325634472
3.180084547214141 0.7088636283203827
3.9077942696821752 0.7881858178641228
4.220779507109639 0.7893694888367094
3.4511338892229992 0.8087597859301507
3.6310049074545123 0.6225098542013278
2.884427079374102 0.6065497325519441
3.4721181598204054 0.6762145852375302
3.2513219893319483 0.6311588624883243
3.3107149925606993 0.7188112621616122
3.4007420686711467 0.7328481688715611
3.174471417598554 0.8260986510786807
3.1358854146808675 0.6276208890127337
3.545745392056272 0.8114455632074898
3.4199121958657517 0.9983655206560215
3.508939861311973 1.1520850728361811
3.5637929949016964 1.0302214490549362
2.8374766802590243 0.686066590704458
2.7797086038542376 0.5570216482444297
2.7331817696298852 0.4774478344990792
2.915680873815411 0.518736002012132
3.4789219502472797 0.9107089950970331
3.3694799489871663 0.9007241500991299
3.3014011006141235 0.9977321459830624
2.689315381293494 0.5599827876965147
3.250748386786206 0.912879193441858
2.4250122590669507 0.6315754064657584
3.785976306140922 0.33717503378607994
3.422764610158128 0.525918919709772
3.4137296910406443 1.2320545998155419
3.396322733533908 1.1146677572655792
3.3295608787271753 1.1845517159634684
3.6076035573792358 1.1950500351368891