5 6 146
47 1 2
48 47 3
146 6 232
141 183 229
325 105 265
3 119 48
2 3 47
369 46 62
5 185 4
92 233 93
144 49 119
143 50 144
196 154 122
51 143 145
51 50 143
276 15 16
374 118 375
146 144 185
164 213 406
116 10 117
192 149 189
115 44 45
83 258 84
18 19 189
380 188 191
228 172 174
32 112 176
193 239 240
21 22 239
132 62 63
190 236 237
370 36 165
64 65 220
118 374 378
142 145 231
18 238 17
172 55 54
175 30 31
270 305 342
16 17 234
352 107 105
259 26 27
118 9 116
283 88 198
113 109 115
111 273 272
230 385 183
355 359 345
172 173 133
116 9 10
201 97 96
207 159 206
55 228 56
405 271 126
251 338 125
106 117 11
190 312 430
183 141 230
196 59 154
60 153 61
166 38 167
546 600 601
152 153 122
110 129 13
78 77 152
154 59 58
259 215 217
195 152 151
127 166 167
8 9 118
213 81 80
79 195 194
195 79 78
13 129 12
552 372 180
129 106 12
14 110 13
211 257 213
164 381 211
181 42 139
15 402 14
292 68 69
83 82 210
84 255 85
366 365 362
222 266 303
129 110 477
56 228 224
294 255 256
155 198 281
142 375 377
400 399 386
222 63 64
87 198 88
263 127 167
106 11 12
104 106 129
25 261 24
235 276 234
368 112 33
184 53 52
48 119 49
107 368 34
37 166 165
57 56 224
227 268 224
34 35 370
3 4 119
32 33 112
215 27 28
138 109 449
43 140 42
105 325 353
176 134 175
116 117 385
175 177 30
116 114 118
30 177 29
117 106 183
10 11 117
26 259 260
37 165 36
272 273 376
107 370 214
61 153 77
151 152 122
181 41 42
43 44 135
211 381 382
154 242 122
140 43 135
153 152 77
135 44 115
113 115 45
441 442 549
149 500 191
45 46 113
46 369 113
478 480 481
264 219 263
157 285 416
333 335 329
64 220 222
189 236 192
369 109 113
266 451 304
37 38 166
60 59 196
319 66 67
445 216 177
89 283 244
89 244 90
137 135 115
136 137 138
309 274 308
275 311 233
178 136 138
307 187 233
140 137 139
137 136 139
245 411 156
157 409 245
109 138 115
139 373 300
200 99 98
137 140 135
101 206 102
99 200 250
298 300 130
245 284 315
138 108 178
132 222 303
138 137 115
275 233 187
144 146 120
232 6 7
69 70 252
288 316 205
231 145 120
120 143 144
72 73 205
184 145 142
252 253 534
203 73 74
203 205 73
143 120 145
248 204 247
287 204 248
375 142 374
76 103 247
403 164 406
52 51 145
158 203 204
50 49 144
269 183 106
119 4 185
252 254 292
171 220 221
42 140 139
362 365 360
261 262 24
198 282 281
353 351 352
313 471 314
415 410 507
159 207 251
337 511 246
95 94 310
74 75 204
249 205 158
207 101 100
287 125 158
637 616 636
361 348 347
474 249 125
536 534 419
305 229 104
243 320 321
327 354 126
255 501 209
79 194 80
241 408 407
214 165 127
165 214 370
167 38 39
165 166 127
40 296 39
182 41 181
29 177 216
168 384 436
442 441 434
323 324 240
127 263 265
296 182 170
65 221 220
266 222 171
223 54 53
133 491 172
223 172 54
173 223 184
491 492 371
242 280 267
176 175 31
175 134 177
32 176 31
176 112 351
341 446 134
168 215 216
553 180 554
178 605 136
558 451 452
319 361 221
605 108 554
443 602 551
300 181 139
181 300 182
296 170 264
40 41 182
269 106 104
111 494 493
145 184 52
173 184 142
146 185 5
119 185 144
186 231 146
7 8 378
233 308 307
285 157 201
189 191 238
148 386 188
236 19 20
191 189 149
237 20 21
149 192 430
379 500 540
188 234 238
236 189 19
430 192 190
278 239 22
237 312 190
279 194 151
194 406 213
152 195 78
194 195 151
122 153 196
60 196 153
226 227 224
496 495 494
282 87 86
244 283 313
329 335 336
274 344 332
97 201 315
207 100 250
286 96 95
201 157 245
355 187 359
337 358 202
204 203 74
205 203 158
75 247 204
248 247 103
249 158 125
72 316 71
207 206 101
248 206 159
100 99 250
251 125 159
534 535 419
581 339 579
210 212 258
243 256 320
82 81 257
212 210 163
163 210 211
210 82 257
343 383 502
501 255 212
194 213 80
211 213 164
265 214 127
107 214 105
216 215 28
215 168 217
29 216 28
177 444 445
447 128 448
434 433 384
260 25 26
240 262 323
297 219 264
297 301 219
221 65 66
222 220 171
292 291 68
361 347 537
266 171 420
222 132 63
184 223 53
172 223 173
224 174 226
57 224 268
491 371 174
498 595 493
371 226 174
227 226 225
267 227 225
268 154 58
172 228 55
224 228 174
342 305 477
305 327 229
111 272 230
230 272 385
146 231 120
142 231 186
232 7 378
146 232 186
308 92 91
358 187 355
234 17 238
235 234 188
188 386 235
402 276 235
237 236 20
192 236 190
239 237 21
312 193 277
189 238 18
238 191 188
278 22 23
237 239 193
262 23 24
218 295 262
408 151 122
407 505 241
280 154 268
242 267 407
294 86 85
209 322 256
89 88 283
328 309 244
156 200 245
200 98 284
201 286 285
94 311 310
76 247 75
248 103 102
206 248 102
287 248 159
317 559 474
288 249 475
156 509 200
156 411 410
510 250 509
156 415 509
290 70 71
208 580 252
290 252 70
205 316 72
488 581 579
67 68 291
255 84 258
256 255 209
322 431 293
282 294 243
213 257 81
210 257 211
210 258 83
255 258 212
215 259 27
260 259 217
435 436 433
260 435 261
260 261 25
262 261 218
295 218 432
240 278 262
264 263 167
265 263 219
167 39 296
264 170 297
325 265 349
265 105 214
108 138 449
450 304 449
498 267 225
267 197 407
57 268 58
280 268 227
104 229 269
183 269 229
383 162 431
271 306 327
404 405 126
141 229 306
492 111 371
385 272 114
133 173 377
376 114 272
91 90 309
344 330 332
337 246 310
93 311 94
234 276 16
402 235 401
193 428 277
430 277 539
262 278 23
239 278 240
408 279 151
406 279 241
267 280 227
242 154 280
282 198 87
321 281 243
282 86 294
281 282 243
198 155 283
244 313 199
97 284 98
245 200 284
286 201 96
285 246 511
310 286 95
285 286 246
125 287 159
204 287 158
161 535 316
205 249 288
507 412 593
618 590 419
316 290 71
252 290 253
254 579 291
66 319 221
252 292 69
291 292 254
478 326 480
281 321 155
255 294 85
294 256 243
561 169 441
240 324 429
182 296 40
167 296 264
170 298 297
301 297 604
182 300 170
130 551 604
130 372 552
545 541 546
136 372 373
170 300 298
604 297 298
340 301 299
349 301 340
446 177 134
303 266 304
132 303 450
131 451 266
452 131 427
104 129 477
305 270 327
327 306 229
306 271 497
308 233 92
359 274 332
309 308 91
307 308 274
90 244 309
328 244 199
337 310 275
286 310 246
233 311 93
310 311 275
193 312 237
430 312 277
155 471 283
471 472 314
333 329 330
199 313 314
245 315 201
284 97 315
161 316 288
290 316 253
509 508 510
317 289 559
506 587 585
425 426 427
67 291 319
319 291 348
322 320 256
320 293 321
481 482 485
321 123 472
431 322 209
320 322 293
262 295 323
295 560 323
476 295 169
150 428 429
219 301 349
341 325 302
399 390 504
479 162 383
354 327 270
126 271 327
328 199 330
309 328 344
333 330 486
487 123 393
486 199 314
330 329 332
387 391 395
526 392 394
345 332 329
359 307 274
486 330 199
669 335 333
396 395 393
519 527 346
669 333 331
336 335 334
524 527 519
336 147 345
358 337 275
337 202 511
508 338 251
474 338 317
580 488 579
347 348 489
466 547 601
302 325 350
302 543 446
341 134 351
477 305 104
478 342 326
478 162 479
382 381 126
309 344 274
330 344 328
336 345 329
345 147 355
563 571 476
418 409 157
421 347 422
171 537 420
579 348 291
348 339 489
219 349 265
350 349 340
349 350 325
599 350 340
176 351 134
352 351 112
107 352 112
352 105 353
325 341 353
353 341 351
479 354 270
126 354 343
357 355 147
358 355 357
336 362 147
356 357 367
367 147 362
358 357 356
202 358 356
358 275 187
307 359 187
332 345 359
518 521 490
147 367 357
348 361 319
537 347 421
366 336 334
360 364 367
528 522 524
360 519 517
360 517 516
417 124 409
366 362 336
519 365 363
667 366 334
365 366 363
360 367 362
367 364 356
34 368 33
107 112 368
62 132 369
109 369 132
34 370 107
36 370 35
493 371 111
371 595 226
373 130 300
136 180 372
136 373 139
130 373 372
142 186 374
186 232 378
376 118 114
375 273 377
273 375 376
118 376 375
133 377 273
142 377 173
118 378 8
378 374 186
598 526 525
188 380 148
500 380 191
394 380 379
404 164 403
126 343 382
343 163 382
211 382 163
163 502 212
343 354 479
169 433 434
169 432 433
116 385 114
183 385 117
148 388 386
235 386 399
388 391 387
395 396 387
392 391 388
400 390 399
389 391 392
389 668 670
396 398 387
326 477 503
392 388 148
389 393 395
148 394 392
528 525 532
668 389 598
331 486 487
380 394 148
121 531 533
389 395 391
396 393 123
321 397 123
396 123 397
484 481 483
398 390 400
396 397 398
482 397 321
400 386 388
504 480 503
388 387 400
398 400 387
110 14 402
235 399 401
276 402 15
110 402 401
499 498 495
381 404 126
164 404 381
404 403 405
197 498 499
495 496 497
279 406 194
406 241 505
505 407 197
241 279 408
122 242 408
407 408 242
418 416 417
409 124 410
414 410 124
507 317 413
245 409 411
410 411 409
516 514 515
593 591 289
508 317 338
156 410 415
621 414 124
507 414 412
410 414 507
509 415 413
356 512 202
511 512 416
646 416 512
513 515 644
416 418 157
417 409 418
474 475 249
536 419 590
171 221 537
131 266 420
347 489 422
131 420 421
422 318 425
426 452 427
584 592 582
561 563 476
584 583 592
421 427 131
318 581 592
425 424 426
453 455 456
426 455 452
421 422 427
425 427 422
429 428 193
627 539 428
240 429 193
429 324 573
277 428 539
540 430 671
431 209 501
485 431 162
218 435 432
169 295 432
435 433 432
435 217 436
437 384 448
434 384 437
261 435 218
217 435 260
168 436 217
384 433 436
128 542 544
128 440 437
666 465 464
441 169 434
462 557 460
565 439 572
447 542 128
550 603 548
442 434 437
571 560 476
440 550 437
548 549 550
553 443 552
555 465 466
543 541 542
447 168 445
447 445 444
168 216 445
302 446 341
177 446 444
599 543 302
437 448 128
384 168 448
168 447 448
450 449 109
108 449 304
132 450 109
304 450 303
452 451 131
458 304 451
455 426 456
554 557 553
568 569 463
460 454 457
457 558 452
452 455 457
456 426 424
457 455 453
631 456 424
456 631 467
460 457 461
458 558 454
556 458 454
108 304 458
460 461 459
462 465 179
461 457 453
462 460 459
453 456 467
461 453 463
465 462 614
462 179 557
470 463 423
568 463 470
459 461 569
567 572 574
614 462 459
464 612 666
438 603 545
555 443 553
423 463 467
453 467 463
663 638 619
608 523 346
616 637 631
575 578 576
637 635 470
575 567 577
283 471 313
472 471 155
321 472 155
123 314 472
289 507 593
475 618 161
474 125 338
475 474 473
473 590 618
475 161 288
561 476 169
562 563 565
503 477 110
342 477 326
342 478 270
480 326 503
343 479 383
270 478 479
398 483 390
478 481 162
480 483 481
484 398 397
321 293 482
485 482 293
390 483 480
483 398 484
397 482 484
484 482 481
431 485 293
481 485 162
487 486 314
333 486 331
123 487 314
487 393 670
488 580 536
581 318 489
581 489 339
422 489 318
635 672 469
597 621 647
172 491 174
492 491 133
133 273 492
111 492 273
111 230 494
595 498 225
230 141 494
405 497 271
405 403 499
493 494 495
494 141 496
141 306 497
495 497 405
497 496 141
498 197 267
493 495 498
405 499 495
499 403 505
540 500 149
380 500 379
502 501 212
431 501 383
343 502 163
501 502 383
110 401 503
503 401 504
399 504 401
480 504 390
499 505 197
406 505 403
597 412 621
632 616 631
317 507 289
415 507 413
251 207 510
413 317 508
509 250 200
413 508 509
251 510 508
250 510 207
512 511 202
285 511 416
364 513 356
356 513 512
364 515 513
643 620 642
364 516 515
645 657 658
516 364 360
644 515 514
519 360 365
514 516 518
523 517 346
518 490 665
516 517 518
517 523 521
524 519 363
346 517 519
628 625 626
673 588 655
517 521 518
654 659 520
667 528 524
530 527 522
346 609 608
521 523 520
363 366 667
524 522 527
335 669 334
389 392 526
533 394 379
531 532 533
531 529 530
606 626 625
667 524 363
532 525 526
671 538 628
627 623 625
531 530 522
609 529 607
532 531 522
529 531 121
528 532 522
532 526 533
394 533 526
379 121 533
252 534 208
535 534 253
316 535 253
618 535 161
536 160 582
534 536 208
361 537 221
420 537 421
566 623 150
121 540 671
627 428 150
430 539 538
379 540 121
149 430 540
340 546 599
544 545 440
444 542 447
544 542 541
542 444 543
446 543 444
544 541 545
128 544 440
541 599 546
666 547 466
600 546 340
546 601 547
438 545 547
546 547 545
612 464 574
439 441 549
550 549 442
549 548 611
437 550 442
550 440 603
299 301 604
552 551 130
553 552 180
551 552 443
605 554 180
555 553 179
556 108 458
556 557 554
465 555 179
555 466 601
557 556 454
108 556 554
557 454 460
557 179 553
454 558 457
451 558 458
594 289 591
474 559 473
323 560 324
295 476 560
439 564 441
565 563 564
578 651 570
571 324 560
564 563 561
563 562 648
441 564 561
564 439 565
611 572 439
575 576 572
649 630 624
150 429 573
614 569 613
575 615 578
469 568 470
574 613 567
463 569 461
613 568 567
520 523 608
562 565 570
563 566 571
566 150 573
439 549 611
572 567 575
324 571 573
566 573 571
574 611 612
613 574 464
567 568 577
651 578 468
570 565 576
572 576 565
568 469 577
615 577 469
576 578 570
615 575 577
579 339 348
580 579 254
252 580 254
536 580 208
488 582 581
160 584 582
536 582 488
587 584 585
587 589 583
632 425 586
584 160 585
583 586 592
160 590 585
473 594 590
592 425 318
583 617 586
639 506 640
584 587 583
412 597 593
520 608 654
639 587 506
638 633 589
590 160 536
289 594 559
506 585 591
594 585 590
592 581 582
425 592 586
621 412 414
591 593 622
559 594 473
585 594 591
226 595 225
371 493 595
124 417 642
596 658 619
640 596 619
597 640 622
667 668 525
389 526 598
543 599 541
599 302 350
340 299 600
299 551 602
602 600 299
555 601 443
443 601 602
600 602 601
545 603 440
612 603 438
130 604 298
299 604 551
136 605 180
108 605 178
566 648 623
527 609 346
530 529 609
610 608 607
610 607 629
652 659 654
530 609 527
608 609 607
606 623 624
654 610 660
612 611 548
572 611 574
603 612 548
612 438 666
614 613 464
568 613 569
465 614 464
569 614 459
672 615 469
578 615 468
632 617 616
616 633 636
583 589 617
617 589 633
618 419 535
473 618 475
619 638 639
662 620 664
416 646 417
643 664 620
642 621 124
621 642 647
591 622 506
593 597 622
566 563 648
625 623 606
624 648 649
629 650 610
629 626 606
538 539 627
607 529 626
628 626 529
623 627 150
538 627 625
671 529 121
625 628 538
626 629 607
650 629 606
660 651 674
630 610 650
631 423 467
632 631 424
425 632 424
617 632 586
588 634 636
617 633 616
656 655 641
470 635 469
637 470 423
672 635 634
588 636 633
634 635 637
637 423 631
634 637 636
633 638 588
639 638 589
587 639 589
506 622 640
596 640 597
619 639 640
653 521 520
638 663 588
643 642 417
642 620 647
644 512 513
644 645 664
644 514 645
643 646 644
514 665 645
490 656 657
644 646 512
417 646 643
662 647 620
597 647 596
649 648 562
623 648 624
562 570 649
649 570 651
606 624 650
630 650 624
651 468 674
649 651 630
615 672 468
521 653 490
653 659 661
657 656 641
608 610 654
660 610 630
652 674 672
655 588 663
490 653 656
656 653 661
658 657 641
657 645 665
658 641 663
647 662 596
661 659 652
520 659 653
660 630 651
652 654 660
672 661 652
656 661 655
645 658 662
596 662 658
658 663 619
655 663 641
644 664 643
662 664 645
518 665 514
657 665 490
547 666 438
465 666 466
668 667 334
528 667 525
668 669 670
525 668 598
670 669 331
334 669 668
487 670 331
389 670 393
538 671 430
529 671 628
634 673 672
673 661 672
588 673 634
661 673 655
660 674 652
468 672 674
