0. 0.
0.15593993948946352 0.24250770522798043
0.32363765695449087 0.4867530145488253
0.4100888426673388 0.600531818460185
0.48775622711545835 0.69337743599758
0.63178997367039 0.8373477342803514
0.7623423502322073 0.931124650308399
0.8847267921091801 0.9836514362435601
1.0000000000000053 1.
1.120788430608262 0.9820544324812479
1.2426755093383386 0.9282211695724097
1.3680456417640632 0.8374888647396846
1.500029153089561 0.7070743995040881
1.6436632010160186 0.5309595677895917
1.8094034338056808 0.29493585432773645
1.9789058379367033 0.033128569511906875
2.1430839906340142 -0.22286831749808458
2.3100589007569168 -0.4680115792193779
2.3980069092112712 -0.5852495542206281
2.4761931342295083 -0.6801757984309836
2.547970670126208 -0.7583318836841552
2.6810566218590335 -0.8771050574350413
2.801982303247991 -0.9520141196235787
2.910154641831929 -0.990057854941727
2.9999999816722545 -0.9999999999999996
3.1138900353504324 -0.9840403771937123
3.2347573707016903 -0.9327764680642554
3.358069245733027 -0.845949107083338
3.485851990621616 -0.7226453656713921
3.6207295952002454 -0.561135136996141
3.767268546445413 -0.35748515406318154
3.903104856908697 -0.15161557099869402
4. 0.
0. 0.2857142857142857
0. 0.5714285714285714
0. 0.8571428571428571
0. 1.1428571428571428
0. 1.4285714285714284
0. 1.7142857142857142
0. 2.
4. 0.2857142857142857
4. 0.5714285714285714
4. 0.8571428571428571
4. 1.1428571428571428
4. 1.4285714285714284
4. 1.7142857142857142
4. 2.
0.3076923076923077 2.
0.6153846153846154 2.
0.9230769230769231 2.
1.2307692307692308 2.
1.5384615384615385 2.
1.8461538461538463 2.
2.153846153846154 2.
2.4615384615384617 2.
2.769230769230769 2.
3.076923076923077 2.
3.384615384615385 2.
3.6923076923076925 2.
